PID,Order Date,Customer Key,Sales Territory Region,Sales Order Number,Sales Order Line Number,Order Quantity,Unit Price
583,2022-01-01,11427,Germany,SO61313,1,1,1700.99
225,2022-01-01,11427,Germany,SO61313,2,1,8.99
222,2022-01-01,11427,Germany,SO61313,3,1,34.99
580,2022-01-01,17848,Germany,SO61323,1,1,1700.99
222,2022-01-01,17848,Germany,SO61323,2,1,34.99
580,2022-01-01,25445,Germany,SO61324,1,1,1700.99
222,2022-01-01,25445,Germany,SO61324,2,1,34.99
378,2022-01-01,16422,Germany,SO61326,1,1,2443.35
484,2022-01-01,16422,Germany,SO61326,2,1,7.95
359,2022-01-01,15684,Germany,SO61327,1,1,2294.99
225,2022-01-01,15684,Germany,SO61327,2,1,8.99
214,2022-01-01,15684,Germany,SO61327,3,1,34.99
528,2022-01-01,12497,Germany,SO61342,1,1,4.99
537,2022-01-01,12497,Germany,SO61342,2,1,35
480,2022-01-01,12497,Germany,SO61342,3,1,2.29
536,2022-01-01,20135,Germany,SO61345,1,1,29.99
528,2022-01-01,20135,Germany,SO61345,2,1,4.99
214,2022-01-01,20135,Germany,SO61345,3,1,34.99
477,2022-01-01,21816,Germany,SO61347,1,1,4.99
463,2022-01-01,21816,Germany,SO61347,2,1,24.49
490,2022-01-01,21816,Germany,SO61347,3,1,53.99
363,2022-01-02,15927,Germany,SO61380,1,1,2294.99
537,2022-01-02,15927,Germany,SO61380,2,1,35
480,2022-01-02,15927,Germany,SO61380,3,1,2.29
363,2022-01-02,15697,Germany,SO61382,1,1,2294.99
485,2022-01-02,15697,Germany,SO61382,2,1,21.98
478,2022-01-02,15697,Germany,SO61382,3,1,9.99
477,2022-01-02,15697,Germany,SO61382,4,1,4.99
535,2022-01-02,16943,Germany,SO61405,1,1,24.99
528,2022-01-02,16943,Germany,SO61405,2,1,4.99
484,2022-01-02,16943,Germany,SO61405,3,1,7.95
573,2022-01-02,17184,Germany,SO61416,1,1,2384.07
479,2022-01-02,17184,Germany,SO61416,2,1,8.99
477,2022-01-02,17184,Germany,SO61416,3,1,4.99
214,2022-01-02,17184,Germany,SO61416,4,1,34.99
606,2022-01-02,13559,Germany,SO61423,1,1,539.99
529,2022-01-02,13559,Germany,SO61423,2,1,3.99
538,2022-01-02,13559,Germany,SO61423,3,1,21.49
222,2022-01-02,13559,Germany,SO61423,4,1,34.99
606,2022-01-02,22674,Germany,SO61424,1,1,539.99
222,2022-01-02,22674,Germany,SO61424,2,1,34.99
581,2022-01-03,25444,Germany,SO61438,1,1,1700.99
489,2022-01-03,25444,Germany,SO61438,2,1,53.99
589,2022-01-03,14140,Germany,SO61440,1,1,769.49
228,2022-01-03,14140,Germany,SO61440,2,1,49.99
529,2022-01-04,22701,Germany,SO61513,1,1,3.99
491,2022-01-04,22701,Germany,SO61513,2,1,53.99
538,2022-01-04,25541,Germany,SO61514,1,1,21.49
583,2022-01-05,17902,Germany,SO61547,1,1,1700.99
479,2022-01-05,17902,Germany,SO61547,2,1,8.99
477,2022-01-05,17902,Germany,SO61547,3,1,4.99
361,2022-01-05,12386,Germany,SO61548,1,1,2294.99
485,2022-01-05,12386,Germany,SO61548,2,1,21.98
234,2022-01-05,12386,Germany,SO61548,3,1,49.99
225,2022-01-05,12386,Germany,SO61548,4,1,8.99
528,2022-01-05,16049,Germany,SO61563,1,1,4.99
217,2022-01-05,16049,Germany,SO61563,2,1,34.99
528,2022-01-05,15680,Germany,SO61564,1,1,4.99
537,2022-01-05,14543,Germany,SO61565,1,1,35
528,2022-01-05,14543,Germany,SO61565,2,1,4.99
480,2022-01-05,14543,Germany,SO61565,3,1,2.29
536,2022-01-05,19373,Germany,SO61571,1,1,29.99
528,2022-01-05,19373,Germany,SO61571,2,1,4.99
487,2022-01-05,19373,Germany,SO61571,3,1,54.99
384,2022-01-05,27823,Germany,SO61593,1,1,1120.49
214,2022-01-05,27823,Germany,SO61593,2,1,34.99
225,2022-01-05,27823,Germany,SO61593,3,1,8.99
539,2022-01-06,14699,Germany,SO61623,1,1,24.99
488,2022-01-06,14699,Germany,SO61623,2,1,53.99
538,2022-01-06,24854,Germany,SO61627,1,1,21.49
480,2022-01-06,24854,Germany,SO61627,2,1,2.29
530,2022-01-06,28890,Germany,SO61629,1,1,4.99
487,2022-01-06,28890,Germany,SO61629,2,1,54.99
231,2022-01-06,28890,Germany,SO61629,3,1,49.99
530,2022-01-06,12327,Germany,SO61630,1,1,4.99
372,2022-01-07,24040,Germany,SO61666,1,1,2443.35
540,2022-01-07,24040,Germany,SO61666,2,1,32.6
529,2022-01-07,24040,Germany,SO61666,3,1,3.99
480,2022-01-07,24040,Germany,SO61666,4,1,2.29
355,2022-01-07,15626,Germany,SO61667,1,1,2319.99
487,2022-01-07,15626,Germany,SO61667,2,1,54.99
237,2022-01-07,15626,Germany,SO61667,3,1,49.99
357,2022-01-07,15100,Germany,SO61668,1,1,2319.99
485,2022-01-07,15100,Germany,SO61668,2,1,21.98
478,2022-01-07,15100,Germany,SO61668,3,1,9.99
528,2022-01-07,14537,Germany,SO61694,1,1,4.99
537,2022-01-07,14537,Germany,SO61694,2,1,35
480,2022-01-07,14537,Germany,SO61694,3,1,2.29
565,2022-01-07,28490,Germany,SO61715,1,1,742.35
541,2022-01-07,28490,Germany,SO61715,2,1,28.99
530,2022-01-07,28490,Germany,SO61715,3,1,4.99
480,2022-01-07,28490,Germany,SO61715,4,1,2.29
567,2022-01-07,28497,Germany,SO61717,1,1,742.35
541,2022-01-07,28497,Germany,SO61717,2,1,28.99
530,2022-01-07,28497,Germany,SO61717,3,1,4.99
560,2022-01-07,26991,Germany,SO61718,1,1,1214.85
228,2022-01-07,26991,Germany,SO61718,2,1,49.99
584,2022-01-07,22694,Germany,SO61729,1,1,539.99
214,2022-01-07,22694,Germany,SO61729,2,1,34.99
596,2022-01-08,15054,Germany,SO61735,1,1,539.99
485,2022-01-08,15054,Germany,SO61735,2,1,21.98
478,2022-01-08,15054,Germany,SO61735,3,1,9.99
477,2022-01-08,15054,Germany,SO61735,4,1,4.99
539,2022-01-08,19925,Germany,SO61759,1,1,24.99
237,2022-01-08,19925,Germany,SO61759,2,1,49.99
225,2022-01-08,19925,Germany,SO61759,3,1,8.99
580,2022-01-09,25462,Germany,SO61792,1,1,1700.99
529,2022-01-09,25462,Germany,SO61792,2,1,3.99
539,2022-01-09,25462,Germany,SO61792,3,1,24.99
214,2022-01-09,25462,Germany,SO61792,4,1,34.99
357,2022-01-09,15080,Germany,SO61794,1,1,2319.99
357,2022-01-09,15926,Germany,SO61795,1,1,2319.99
478,2022-01-09,15926,Germany,SO61795,2,1,9.99
477,2022-01-09,15926,Germany,SO61795,3,1,4.99
214,2022-01-09,15926,Germany,SO61795,4,1,34.99
359,2022-01-09,15116,Germany,SO61796,1,1,2294.99
485,2022-01-09,15116,Germany,SO61796,2,1,21.98
463,2022-01-09,15116,Germany,SO61796,3,1,24.49
536,2022-01-09,20798,Germany,SO61820,1,1,29.99
528,2022-01-09,20798,Germany,SO61820,2,1,4.99
217,2022-01-09,20798,Germany,SO61820,3,1,34.99
488,2022-01-09,20798,Germany,SO61820,4,1,53.99
541,2022-01-09,28687,Germany,SO61824,1,1,28.99
538,2022-01-09,27843,Germany,SO61826,1,1,21.49
529,2022-01-09,27843,Germany,SO61826,2,1,3.99
480,2022-01-09,27843,Germany,SO61826,3,1,2.29
530,2022-01-09,26226,Germany,SO61828,1,1,4.99
214,2022-01-09,12238,Germany,SO61833,1,1,34.99
572,2022-01-09,28499,Germany,SO61840,1,1,742.35
541,2022-01-09,28499,Germany,SO61840,2,1,28.99
530,2022-01-09,28499,Germany,SO61840,3,1,4.99
480,2022-01-09,28499,Germany,SO61840,4,1,2.29
355,2022-01-10,12270,Germany,SO61862,1,1,2319.99
485,2022-01-10,12270,Germany,SO61862,2,1,21.98
471,2022-01-10,12270,Germany,SO61862,3,1,63.5
538,2022-01-10,26912,Germany,SO61890,1,1,21.49
529,2022-01-10,26912,Germany,SO61890,2,1,3.99
480,2022-01-10,26912,Germany,SO61890,3,1,2.29
530,2022-01-10,29417,Germany,SO61892,1,1,4.99
541,2022-01-10,29417,Germany,SO61892,2,1,28.99
480,2022-01-10,29417,Germany,SO61892,3,1,2.29
486,2022-01-10,29417,Germany,SO61892,4,1,159
222,2022-01-10,11602,Germany,SO61900,1,1,34.99
529,2022-01-11,23956,Germany,SO61942,1,1,3.99
472,2022-01-11,23956,Germany,SO61942,2,1,63.5
573,2022-01-11,25758,Germany,SO61955,1,1,2384.07
214,2022-01-11,25758,Germany,SO61955,2,1,34.99
225,2022-01-11,25758,Germany,SO61955,3,1,8.99
584,2022-01-12,12807,Germany,SO62017,1,1,539.99
361,2022-01-13,14428,Germany,SO62035,1,1,2294.99
214,2022-01-13,14428,Germany,SO62035,2,1,34.99
477,2022-01-13,22390,Germany,SO62057,1,1,4.99
467,2022-01-13,22390,Germany,SO62057,2,1,24.49
529,2022-01-13,23221,Germany,SO62058,1,1,3.99
214,2022-01-13,23221,Germany,SO62058,2,1,34.99
529,2022-01-13,18619,Germany,SO62059,1,1,3.99
214,2022-01-13,18619,Germany,SO62059,2,1,34.99
214,2022-01-13,12236,Germany,SO62065,1,1,34.99
565,2022-01-13,28500,Germany,SO62074,1,1,742.35
222,2022-01-13,28500,Germany,SO62074,2,1,34.99
225,2022-01-13,19325,Germany,SO62075,1,1,8.99
578,2022-01-13,19325,Germany,SO62075,2,1,1214.85
384,2022-01-13,27798,Germany,SO62083,1,1,1120.49
490,2022-01-13,27798,Germany,SO62083,2,1,53.99
541,2022-01-14,29377,Germany,SO62121,1,1,28.99
530,2022-01-14,29377,Germany,SO62121,2,1,4.99
225,2022-01-14,12636,Germany,SO62126,1,1,8.99
573,2022-01-14,17181,Germany,SO62136,1,1,2384.07
479,2022-01-14,17181,Germany,SO62136,2,1,8.99
477,2022-01-14,17181,Germany,SO62136,3,1,4.99
217,2022-01-14,17181,Germany,SO62136,4,1,34.99
605,2022-01-14,23898,Germany,SO62153,1,1,539.99
473,2022-01-14,23898,Germany,SO62153,2,1,63.5
580,2022-01-15,17873,Germany,SO62176,1,1,1700.99
228,2022-01-15,17873,Germany,SO62176,2,1,49.99
225,2022-01-15,17873,Germany,SO62176,3,1,8.99
353,2022-01-15,15357,Germany,SO62177,1,1,2319.99
477,2022-01-15,15357,Germany,SO62177,2,1,4.99
478,2022-01-15,15357,Germany,SO62177,3,1,9.99
217,2022-01-15,15357,Germany,SO62177,4,1,34.99
529,2022-01-15,23772,Germany,SO62201,1,1,3.99
214,2022-01-15,23772,Germany,SO62201,2,1,34.99
578,2022-01-15,26963,Germany,SO62216,1,1,1214.85
479,2022-01-15,26963,Germany,SO62216,2,1,8.99
477,2022-01-15,26963,Germany,SO62216,3,1,4.99
225,2022-01-15,26963,Germany,SO62216,4,1,8.99
605,2022-01-15,23226,Germany,SO62229,1,1,539.99
479,2022-01-15,23226,Germany,SO62229,2,1,8.99
477,2022-01-15,23226,Germany,SO62229,3,1,4.99
214,2022-01-15,23226,Germany,SO62229,4,1,34.99
594,2022-01-16,22678,Germany,SO62240,1,1,564.99
222,2022-01-16,22678,Germany,SO62240,2,1,34.99
488,2022-01-16,22678,Germany,SO62240,3,1,53.99
594,2022-01-16,24565,Germany,SO62241,1,1,564.99
478,2022-01-16,24565,Germany,SO62241,2,1,9.99
581,2022-01-16,17893,Germany,SO62242,1,1,1700.99
359,2022-01-16,12276,Germany,SO62243,1,1,2294.99
477,2022-01-16,12276,Germany,SO62243,2,1,4.99
478,2022-01-16,12276,Germany,SO62243,3,1,9.99
217,2022-01-16,12276,Germany,SO62243,4,1,34.99
357,2022-01-16,14940,Germany,SO62244,1,1,2319.99
528,2022-01-16,14940,Germany,SO62244,2,1,4.99
537,2022-01-16,14940,Germany,SO62244,3,1,35
480,2022-01-16,14940,Germany,SO62244,4,1,2.29
484,2022-01-16,14940,Germany,SO62244,5,1,7.95
540,2022-01-16,14190,Germany,SO62262,1,1,32.6
529,2022-01-16,14190,Germany,SO62262,2,1,3.99
604,2022-01-16,22655,Germany,SO62281,1,1,539.99
538,2022-01-16,22655,Germany,SO62281,2,1,21.49
529,2022-01-16,22655,Germany,SO62281,3,1,3.99
529,2022-01-17,22568,Germany,SO62321,1,1,3.99
529,2022-01-17,25633,Germany,SO62322,1,1,3.99
538,2022-01-17,25633,Germany,SO62322,2,1,21.49
222,2022-01-17,25633,Germany,SO62322,3,1,34.99
234,2022-01-17,25633,Germany,SO62322,4,1,49.99
541,2022-01-17,27314,Germany,SO62323,1,1,28.99
530,2022-01-17,27314,Germany,SO62323,2,1,4.99
222,2022-01-17,27314,Germany,SO62323,3,1,34.99
530,2022-01-17,13827,Germany,SO62326,1,1,4.99
465,2022-01-17,13827,Germany,SO62326,2,1,24.49
584,2022-01-17,22711,Germany,SO62340,1,1,539.99
479,2022-01-17,22711,Germany,SO62340,2,1,8.99
477,2022-01-17,22711,Germany,SO62340,3,1,4.99
222,2022-01-17,22711,Germany,SO62340,4,1,34.99
538,2022-01-18,26969,Germany,SO62368,1,1,21.49
480,2022-01-18,26969,Germany,SO62368,2,1,2.29
529,2022-01-18,22700,Germany,SO62370,1,1,3.99
480,2022-01-18,22700,Germany,SO62370,2,1,2.29
541,2022-01-18,27307,Germany,SO62372,1,1,28.99
530,2022-01-18,27307,Germany,SO62372,2,1,4.99
214,2022-01-18,27307,Germany,SO62372,3,1,34.99
478,2022-01-18,12617,Germany,SO62376,1,1,9.99
477,2022-01-18,12617,Germany,SO62376,2,1,4.99
467,2022-01-18,12617,Germany,SO62376,3,1,24.49
382,2022-01-18,27809,Germany,SO62392,1,1,1120.49
217,2022-01-18,27809,Germany,SO62392,2,1,34.99
225,2022-01-18,27809,Germany,SO62392,3,1,8.99
592,2022-01-19,15055,Germany,SO62406,1,1,564.99
222,2022-01-19,15055,Germany,SO62406,2,1,34.99
582,2022-01-19,17898,Germany,SO62407,1,1,1700.99
539,2022-01-19,17898,Germany,SO62407,2,1,24.99
529,2022-01-19,17898,Germany,SO62407,3,1,3.99
214,2022-01-19,17898,Germany,SO62407,4,1,34.99
361,2022-01-19,15101,Germany,SO62409,1,1,2294.99
537,2022-01-19,15101,Germany,SO62409,2,1,35
528,2022-01-19,15101,Germany,SO62409,3,1,4.99
484,2022-01-19,15101,Germany,SO62409,4,1,7.95
485,2022-01-19,17208,Germany,SO62427,1,1,21.98
477,2022-01-19,17208,Germany,SO62427,2,1,4.99
478,2022-01-19,17208,Germany,SO62427,3,1,9.99
225,2022-01-19,17208,Germany,SO62427,4,1,8.99
485,2022-01-19,15001,Germany,SO62428,1,1,21.98
481,2022-01-19,15001,Germany,SO62428,2,1,8.99
535,2022-01-19,17718,Germany,SO62429,1,1,24.99
528,2022-01-19,17718,Germany,SO62429,2,1,4.99
480,2022-01-19,17718,Germany,SO62429,3,1,2.29
472,2022-01-19,24531,Germany,SO62431,1,1,63.5
529,2022-01-19,24531,Germany,SO62431,2,1,3.99
529,2022-01-19,25317,Germany,SO62432,1,1,3.99
538,2022-01-19,25317,Germany,SO62432,2,1,21.49
471,2022-01-19,25317,Germany,SO62432,3,1,63.5
538,2022-01-19,24864,Germany,SO62434,1,1,21.49
529,2022-01-19,24864,Germany,SO62434,2,1,3.99
480,2022-01-19,24864,Germany,SO62434,3,1,2.29
484,2022-01-19,24864,Germany,SO62434,4,1,7.95
483,2022-01-19,24864,Germany,SO62434,5,1,120
478,2022-01-19,12714,Germany,SO62439,1,1,9.99
477,2022-01-19,12714,Germany,SO62439,2,1,4.99
217,2022-01-19,12714,Germany,SO62439,3,1,34.99
565,2022-01-19,28494,Germany,SO62448,1,1,742.35
225,2022-01-19,28494,Germany,SO62448,2,1,8.99
536,2022-01-20,20723,Germany,SO62500,1,1,29.99
528,2022-01-20,20723,Germany,SO62500,2,1,4.99
487,2022-01-20,20723,Germany,SO62500,3,1,54.99
490,2022-01-20,20723,Germany,SO62500,4,1,53.99
225,2022-01-20,21091,Germany,SO62502,1,1,8.99
477,2022-01-20,21091,Germany,SO62502,2,1,4.99
529,2022-01-20,27858,Germany,SO62505,1,1,3.99
538,2022-01-20,27858,Germany,SO62505,2,1,21.49
237,2022-01-20,27858,Germany,SO62505,3,1,49.99
566,2022-01-20,13261,Germany,SO62513,1,1,742.35
384,2022-01-20,27811,Germany,SO62529,1,1,1120.49
222,2022-01-20,27811,Germany,SO62529,2,1,34.99
380,2022-01-21,28901,Germany,SO62539,1,1,2443.35
378,2022-01-21,16429,Germany,SO62540,1,1,2443.35
540,2022-01-21,16429,Germany,SO62540,2,1,32.6
529,2022-01-21,16429,Germany,SO62540,3,1,3.99
214,2022-01-21,16429,Germany,SO62540,4,1,34.99
576,2022-01-21,17183,Germany,SO62562,1,1,2384.07
477,2022-01-21,17183,Germany,SO62562,2,1,4.99
479,2022-01-21,17183,Germany,SO62562,3,1,8.99
465,2022-01-21,17183,Germany,SO62562,4,1,24.49
576,2022-01-21,25756,Germany,SO62563,1,1,2384.07
217,2022-01-21,25756,Germany,SO62563,2,1,34.99
463,2022-01-21,25756,Germany,SO62563,3,1,24.49
237,2022-01-21,25756,Germany,SO62563,4,1,49.99
577,2022-01-21,26974,Germany,SO62564,1,1,1214.85
541,2022-01-21,26974,Germany,SO62564,2,1,28.99
530,2022-01-21,26974,Germany,SO62564,3,1,4.99
214,2022-01-21,26974,Germany,SO62564,4,1,34.99
225,2022-01-21,26974,Germany,SO62564,5,1,8.99
363,2022-01-22,15685,Germany,SO62588,1,1,2294.99
485,2022-01-22,15685,Germany,SO62588,2,1,21.98
361,2022-01-22,15114,Germany,SO62589,1,1,2294.99
485,2022-01-22,15114,Germany,SO62589,2,1,21.98
477,2022-01-22,21082,Germany,SO62605,1,1,4.99
222,2022-01-22,21082,Germany,SO62605,2,1,34.99
225,2022-01-22,21082,Germany,SO62605,3,1,8.99
234,2022-01-22,21082,Germany,SO62605,4,1,49.99
582,2022-01-23,25492,Germany,SO62640,1,1,1700.99
539,2022-01-23,25492,Germany,SO62640,2,1,24.99
529,2022-01-23,25492,Germany,SO62640,3,1,3.99
217,2022-01-23,25492,Germany,SO62640,4,1,34.99
357,2022-01-23,15928,Germany,SO62641,1,1,2319.99
477,2022-01-23,15928,Germany,SO62641,2,1,4.99
478,2022-01-23,15928,Germany,SO62641,3,1,9.99
467,2022-01-23,15928,Germany,SO62641,4,1,24.49
485,2022-01-23,17194,Germany,SO62653,1,1,21.98
478,2022-01-23,17194,Germany,SO62653,2,1,9.99
487,2022-01-23,17194,Germany,SO62653,3,1,54.99
467,2022-01-23,17194,Germany,SO62653,4,1,24.49
528,2022-01-23,15090,Germany,SO62654,1,1,4.99
486,2022-01-23,15090,Germany,SO62654,2,1,159
535,2022-01-23,17707,Germany,SO62657,1,1,24.99
528,2022-01-23,17707,Germany,SO62657,2,1,4.99
480,2022-01-23,17707,Germany,SO62657,3,1,2.29
536,2022-01-23,19514,Germany,SO62658,1,1,29.99
528,2022-01-23,19514,Germany,SO62658,2,1,4.99
222,2022-01-23,19514,Germany,SO62658,3,1,34.99
225,2022-01-23,19514,Germany,SO62658,4,1,8.99
564,2022-01-23,17191,Germany,SO62669,1,1,2384.07
363,2022-01-24,15693,Germany,SO62703,1,1,2294.99
529,2022-01-24,24128,Germany,SO62729,1,1,3.99
487,2022-01-24,24128,Germany,SO62729,2,1,54.99
214,2022-01-24,24128,Germany,SO62729,3,1,34.99
582,2022-01-25,17928,Germany,SO62764,1,1,1700.99
222,2022-01-25,17928,Germany,SO62764,2,1,34.99
359,2022-01-25,12378,Germany,SO62768,1,1,2294.99
529,2022-01-25,22688,Germany,SO62793,1,1,3.99
214,2022-01-25,22688,Germany,SO62793,2,1,34.99
605,2022-01-25,22685,Germany,SO62814,1,1,539.99
538,2022-01-25,22685,Germany,SO62814,2,1,21.49
529,2022-01-25,22685,Germany,SO62814,3,1,3.99
217,2022-01-25,22685,Germany,SO62814,4,1,34.99
372,2022-01-26,16442,Germany,SO62825,1,1,2443.35
540,2022-01-26,16442,Germany,SO62825,2,1,32.6
529,2022-01-26,16442,Germany,SO62825,3,1,3.99
357,2022-01-26,15625,Germany,SO62826,1,1,2319.99
485,2022-01-26,15625,Germany,SO62826,2,1,21.98
535,2022-01-26,17837,Germany,SO62840,1,1,24.99
528,2022-01-26,17837,Germany,SO62840,2,1,4.99
225,2022-01-26,17837,Germany,SO62840,3,1,8.99
214,2022-01-26,17837,Germany,SO62840,4,1,34.99
535,2022-01-26,17758,Germany,SO62841,1,1,24.99
528,2022-01-26,17758,Germany,SO62841,2,1,4.99
480,2022-01-26,17758,Germany,SO62841,3,1,2.29
477,2022-01-26,21836,Germany,SO62843,1,1,4.99
529,2022-01-26,24563,Germany,SO62845,1,1,3.99
480,2022-01-26,24563,Germany,SO62845,2,1,2.29
382,2022-01-26,28376,Germany,SO62869,1,1,1120.49
479,2022-01-26,28376,Germany,SO62869,2,1,8.99
477,2022-01-26,28376,Germany,SO62869,3,1,4.99
376,2022-01-27,24053,Germany,SO62885,1,1,2443.35
353,2022-01-27,15084,Germany,SO62887,1,1,2319.99
478,2022-01-27,15084,Germany,SO62887,2,1,9.99
477,2022-01-27,15084,Germany,SO62887,3,1,4.99
472,2022-01-27,15084,Germany,SO62887,4,1,63.5
528,2022-01-27,17853,Germany,SO62906,1,1,4.99
535,2022-01-27,17853,Germany,SO62906,2,1,24.99
477,2022-01-27,21821,Germany,SO62909,1,1,4.99
214,2022-01-27,21821,Germany,SO62909,2,1,34.99
225,2022-01-27,21821,Germany,SO62909,3,1,8.99
530,2022-01-27,14528,Germany,SO62913,1,1,4.99
576,2022-01-27,16199,Germany,SO62928,1,1,2384.07
214,2022-01-27,16199,Germany,SO62928,2,1,34.99
584,2022-01-27,13540,Germany,SO62944,1,1,539.99
479,2022-01-27,13540,Germany,SO62944,2,1,8.99
574,2022-01-27,25744,Germany,SO62945,1,1,2384.07
541,2022-01-27,25744,Germany,SO62945,2,1,28.99
530,2022-01-27,25744,Germany,SO62945,3,1,4.99
480,2022-01-27,25744,Germany,SO62945,4,1,2.29
484,2022-01-27,25744,Germany,SO62945,5,1,7.95
372,2022-01-28,28902,Germany,SO62954,1,1,2443.35
529,2022-01-28,28902,Germany,SO62954,2,1,3.99
540,2022-01-28,28902,Germany,SO62954,3,1,32.6
234,2022-01-28,28902,Germany,SO62954,4,1,49.99
536,2022-01-28,20143,Germany,SO62973,1,1,29.99
480,2022-01-28,20143,Germany,SO62973,2,1,2.29
477,2022-01-28,21844,Germany,SO62975,1,1,4.99
217,2022-01-28,21844,Germany,SO62975,2,1,34.99
529,2022-01-28,24080,Germany,SO62976,1,1,3.99
228,2022-01-28,24080,Germany,SO62976,2,1,49.99
478,2022-01-28,13594,Germany,SO62980,1,1,9.99
222,2022-01-28,13594,Germany,SO62980,2,1,34.99
562,2022-01-28,25745,Germany,SO62987,1,1,2384.07
541,2022-01-28,25745,Germany,SO62987,2,1,28.99
530,2022-01-28,25745,Germany,SO62987,3,1,4.99
487,2022-01-28,25745,Germany,SO62987,4,1,54.99
589,2022-01-29,20930,Germany,SO63014,1,1,769.49
528,2022-01-29,20930,Germany,SO63014,2,1,4.99
536,2022-01-29,20930,Germany,SO63014,3,1,29.99
363,2022-01-29,15117,Germany,SO63017,1,1,2294.99
478,2022-01-29,15117,Germany,SO63017,2,1,9.99
477,2022-01-29,15117,Germany,SO63017,3,1,4.99
217,2022-01-29,15117,Germany,SO63017,4,1,34.99
234,2022-01-29,15117,Germany,SO63017,5,1,49.99
529,2022-01-29,25533,Germany,SO63034,1,1,3.99
538,2022-01-29,25533,Germany,SO63034,2,1,21.49
480,2022-01-29,25533,Germany,SO63034,3,1,2.29
529,2022-01-29,24129,Germany,SO63035,1,1,3.99
561,2022-01-29,17198,Germany,SO63047,1,1,2384.07
479,2022-01-29,17198,Germany,SO63047,2,1,8.99
477,2022-01-29,17198,Germany,SO63047,3,1,4.99
579,2022-01-29,26977,Germany,SO63048,1,1,1214.85
541,2022-01-29,26977,Germany,SO63048,2,1,28.99
530,2022-01-29,26977,Germany,SO63048,3,1,4.99
222,2022-01-29,26977,Germany,SO63048,4,1,34.99
574,2022-01-29,25742,Germany,SO63057,1,1,2384.07
541,2022-01-29,25742,Germany,SO63057,2,1,28.99
530,2022-01-29,25742,Germany,SO63057,3,1,4.99
225,2022-01-29,25742,Germany,SO63057,4,1,8.99
214,2022-01-29,25742,Germany,SO63057,5,1,34.99
361,2022-01-30,12275,Germany,SO63069,1,1,2294.99
478,2022-01-30,12275,Germany,SO63069,2,1,9.99
477,2022-01-30,12275,Germany,SO63069,3,1,4.99
488,2022-01-30,12275,Germany,SO63069,4,1,53.99
599,2022-01-30,14997,Germany,SO63070,1,1,539.99
535,2022-01-30,14997,Germany,SO63070,2,1,24.99
586,2022-01-30,28489,Germany,SO63099,1,1,742.35
225,2022-01-30,28489,Germany,SO63099,2,1,8.99
217,2022-01-30,28489,Germany,SO63099,3,1,34.99
572,2022-01-30,28493,Germany,SO63100,1,1,742.35
541,2022-01-30,28493,Germany,SO63100,2,1,28.99
530,2022-01-30,28493,Germany,SO63100,3,1,4.99
477,2022-01-30,28493,Germany,SO63100,4,1,4.99
479,2022-01-30,28493,Germany,SO63100,5,1,8.99
463,2022-01-30,28493,Germany,SO63100,6,1,24.49
390,2022-01-30,27902,Germany,SO63113,1,1,1120.49
488,2022-01-30,27902,Germany,SO63113,2,1,53.99
357,2022-01-31,16824,Germany,SO63302,1,1,2319.99
217,2022-01-31,16824,Germany,SO63302,2,1,34.99
225,2022-01-31,16824,Germany,SO63302,3,1,8.99
528,2022-01-31,16397,Germany,SO63320,1,1,4.99
535,2022-01-31,16397,Germany,SO63320,2,1,24.99
214,2022-01-31,16397,Germany,SO63320,3,1,34.99
539,2022-01-31,19248,Germany,SO63321,1,1,24.99
480,2022-01-31,19248,Germany,SO63321,2,1,2.29
483,2022-01-31,19248,Germany,SO63321,3,1,120
529,2022-01-31,22867,Germany,SO63325,1,1,3.99
222,2022-01-31,22867,Germany,SO63325,2,1,34.99
541,2022-01-31,28754,Germany,SO63326,1,1,28.99
530,2022-01-31,28754,Germany,SO63326,2,1,4.99
222,2022-01-31,28754,Germany,SO63326,3,1,34.99
530,2022-01-31,23766,Germany,SO63327,1,1,4.99
541,2022-01-31,23766,Germany,SO63327,2,1,28.99
217,2022-01-31,23766,Germany,SO63327,3,1,34.99
538,2022-01-31,25685,Germany,SO63328,1,1,21.49
569,2022-01-31,28518,Germany,SO63343,1,1,742.35
484,2022-01-31,28518,Germany,SO63343,2,1,7.95
565,2022-01-31,28502,Germany,SO63345,1,1,742.35
222,2022-01-31,28502,Germany,SO63345,2,1,34.99
562,2022-01-31,18125,Germany,SO63361,1,1,2384.07
463,2022-02-01,21073,Germany,SO63391,1,1,24.49
477,2022-02-01,21073,Germany,SO63391,2,1,4.99
536,2022-02-01,20865,Germany,SO63392,1,1,29.99
528,2022-02-01,20865,Germany,SO63392,2,1,4.99
538,2022-02-01,26845,Germany,SO63393,1,1,21.49
529,2022-02-01,26845,Germany,SO63393,2,1,3.99
480,2022-02-01,26845,Germany,SO63393,3,1,2.29
477,2022-02-01,20978,Germany,SO63394,1,1,4.99
541,2022-02-01,29406,Germany,SO63396,1,1,28.99
530,2022-02-01,29406,Germany,SO63396,2,1,4.99
214,2022-02-01,29406,Germany,SO63396,3,1,34.99
530,2022-02-01,27959,Germany,SO63399,1,1,4.99
234,2022-02-01,27959,Germany,SO63399,2,1,49.99
225,2022-02-01,12518,Germany,SO63400,1,1,8.99
237,2022-02-01,12273,Germany,SO63402,1,1,49.99
573,2022-02-01,17209,Germany,SO63405,1,1,2384.07
564,2022-02-01,18130,Germany,SO63422,1,1,2384.07
357,2022-02-02,18125,Germany,SO63427,1,1,2319.99
537,2022-02-02,18125,Germany,SO63427,2,1,35
528,2022-02-02,17797,Germany,SO63458,1,1,4.99
535,2022-02-02,17797,Germany,SO63458,2,1,24.99
222,2022-02-02,17797,Germany,SO63458,3,1,34.99
530,2022-02-02,28710,Germany,SO63463,1,1,4.99
541,2022-02-02,28710,Germany,SO63463,2,1,28.99
562,2022-02-02,17221,Germany,SO63495,1,1,2384.07
479,2022-02-02,17221,Germany,SO63495,2,1,8.99
477,2022-02-02,17221,Germany,SO63495,3,1,4.99
214,2022-02-02,17221,Germany,SO63495,4,1,34.99
225,2022-02-02,17221,Germany,SO63495,5,1,8.99
539,2022-02-03,19250,Germany,SO63525,1,1,24.99
529,2022-02-03,19250,Germany,SO63525,2,1,3.99
480,2022-02-03,19250,Germany,SO63525,3,1,2.29
530,2022-02-03,12726,Germany,SO63528,1,1,4.99
214,2022-02-03,12726,Germany,SO63528,2,1,34.99
231,2022-02-03,12726,Germany,SO63528,3,1,49.99
225,2022-02-03,12726,Germany,SO63528,4,1,8.99
541,2022-02-03,28453,Germany,SO63529,1,1,28.99
530,2022-02-03,28453,Germany,SO63529,2,1,4.99
480,2022-02-03,28453,Germany,SO63529,3,1,2.29
573,2022-02-03,17199,Germany,SO63535,1,1,2384.07
541,2022-02-03,17199,Germany,SO63535,2,1,28.99
530,2022-02-03,17199,Germany,SO63535,3,1,4.99
530,2022-02-04,13786,Germany,SO63585,1,1,4.99
477,2022-02-04,11411,Germany,SO63594,1,1,4.99
479,2022-02-04,11411,Germany,SO63594,2,1,8.99
467,2022-02-04,11411,Germany,SO63594,3,1,24.49
535,2022-02-05,19068,Germany,SO63654,1,1,24.99
528,2022-02-05,19068,Germany,SO63654,2,1,4.99
214,2022-02-05,19068,Germany,SO63654,3,1,34.99
538,2022-02-05,25472,Germany,SO63656,1,1,21.49
529,2022-02-05,25472,Germany,SO63656,2,1,3.99
480,2022-02-05,25472,Germany,SO63656,3,1,2.29
538,2022-02-05,24867,Germany,SO63657,1,1,21.49
541,2022-02-05,28430,Germany,SO63658,1,1,28.99
530,2022-02-05,28430,Germany,SO63658,2,1,4.99
225,2022-02-05,28430,Germany,SO63658,3,1,8.99
538,2022-02-05,25772,Germany,SO63659,1,1,21.49
488,2022-02-05,25772,Germany,SO63659,2,1,53.99
478,2022-02-05,12591,Germany,SO63665,1,1,9.99
477,2022-02-05,12591,Germany,SO63665,2,1,4.99
217,2022-02-05,12591,Germany,SO63665,3,1,34.99
574,2022-02-05,18133,Germany,SO63689,1,1,2384.07
580,2022-02-06,17940,Germany,SO63699,1,1,1700.99
353,2022-02-06,17209,Germany,SO63702,1,1,2319.99
222,2022-02-06,17209,Germany,SO63702,2,1,34.99
539,2022-02-06,19251,Germany,SO63720,1,1,24.99
480,2022-02-06,19251,Germany,SO63720,2,1,2.29
560,2022-02-06,27004,Germany,SO63731,1,1,1214.85
234,2022-02-06,27004,Germany,SO63731,2,1,49.99
604,2022-02-06,23903,Germany,SO63746,1,1,539.99
606,2022-02-06,23982,Germany,SO63747,1,1,539.99
479,2022-02-06,23982,Germany,SO63747,2,1,8.99
562,2022-02-06,16206,Germany,SO63749,1,1,2384.07
217,2022-02-06,16206,Germany,SO63749,2,1,34.99
587,2022-02-07,14147,Germany,SO63757,1,1,769.49
234,2022-02-07,14147,Germany,SO63757,2,1,49.99
590,2022-02-07,14167,Germany,SO63767,1,1,769.49
228,2022-02-07,14167,Germany,SO63767,2,1,49.99
225,2022-02-07,14167,Germany,SO63767,3,1,8.99
357,2022-02-07,17199,Germany,SO63768,1,1,2319.99
478,2022-02-07,17199,Germany,SO63768,2,1,9.99
477,2022-02-07,17199,Germany,SO63768,3,1,4.99
491,2022-02-07,17199,Germany,SO63768,4,1,53.99
225,2022-02-07,17199,Germany,SO63768,5,1,8.99
390,2022-02-07,28405,Germany,SO63814,1,1,1120.49
217,2022-02-07,28405,Germany,SO63814,2,1,34.99
580,2022-02-08,17929,Germany,SO63830,1,1,1700.99
479,2022-02-08,17929,Germany,SO63830,2,1,8.99
477,2022-02-08,17929,Germany,SO63830,3,1,4.99
588,2022-02-08,14148,Germany,SO63832,1,1,769.49
228,2022-02-08,14148,Germany,SO63832,2,1,49.99
225,2022-02-08,14148,Germany,SO63832,3,1,8.99
528,2022-02-08,20715,Germany,SO63854,1,1,4.99
536,2022-02-08,20715,Germany,SO63854,2,1,29.99
480,2022-02-08,20715,Germany,SO63854,3,1,2.29
486,2022-02-08,20715,Germany,SO63854,4,1,159
214,2022-02-08,12223,Germany,SO63860,1,1,34.99
382,2022-02-08,20841,Germany,SO63874,1,1,1120.49
214,2022-02-08,20841,Germany,SO63874,2,1,34.99
606,2022-02-08,23917,Germany,SO63876,1,1,539.99
477,2022-02-08,23917,Germany,SO63876,2,1,4.99
479,2022-02-08,23917,Germany,SO63876,3,1,8.99
355,2022-02-09,18130,Germany,SO63880,1,1,2319.99
478,2022-02-09,18130,Germany,SO63880,2,1,9.99
477,2022-02-09,18130,Germany,SO63880,3,1,4.99
465,2022-02-09,18130,Germany,SO63880,4,1,24.49
477,2022-02-09,21550,Germany,SO63910,1,1,4.99
490,2022-02-09,21550,Germany,SO63910,2,1,53.99
530,2022-02-09,27932,Germany,SO63916,1,1,4.99
487,2022-02-09,27932,Germany,SO63916,2,1,54.99
473,2022-02-09,27932,Germany,SO63916,3,1,63.5
478,2022-02-09,12400,Germany,SO63920,1,1,9.99
477,2022-02-09,12400,Germany,SO63920,2,1,4.99
491,2022-02-09,12400,Germany,SO63920,3,1,53.99
605,2022-02-09,23933,Germany,SO63943,1,1,539.99
538,2022-02-09,23933,Germany,SO63943,2,1,21.49
480,2022-02-09,23933,Germany,SO63943,3,1,2.29
600,2022-02-10,15063,Germany,SO63955,1,1,539.99
477,2022-02-10,15063,Germany,SO63955,2,1,4.99
478,2022-02-10,15063,Germany,SO63955,3,1,9.99
485,2022-02-11,14786,Germany,SO64027,1,1,21.98
478,2022-02-11,14786,Germany,SO64027,2,1,9.99
222,2022-02-11,14786,Germany,SO64027,3,1,34.99
529,2022-02-11,22707,Germany,SO64031,1,1,3.99
225,2022-02-11,22707,Germany,SO64031,2,1,8.99
231,2022-02-11,22707,Germany,SO64031,3,1,49.99
538,2022-02-11,27832,Germany,SO64033,1,1,21.49
581,2022-02-12,11428,Germany,SO64066,1,1,1700.99
488,2022-02-12,11428,Germany,SO64066,2,1,53.99
353,2022-02-12,16603,Germany,SO64072,1,1,2319.99
485,2022-02-12,16603,Germany,SO64072,2,1,21.98
217,2022-02-12,16603,Germany,SO64072,3,1,34.99
225,2022-02-12,16603,Germany,SO64072,4,1,8.99
535,2022-02-12,13803,Germany,SO64091,1,1,24.99
480,2022-02-12,13803,Germany,SO64091,2,1,2.29
486,2022-02-12,13803,Germany,SO64091,3,1,159
477,2022-02-12,21852,Germany,SO64093,1,1,4.99
580,2022-02-13,25602,Germany,SO64115,1,1,1700.99
225,2022-02-13,25602,Germany,SO64115,2,1,8.99
488,2022-02-13,25602,Germany,SO64115,3,1,53.99
587,2022-02-13,21055,Germany,SO64125,1,1,769.49
485,2022-02-13,21055,Germany,SO64125,2,1,21.98
478,2022-02-13,21055,Germany,SO64125,3,1,9.99
477,2022-02-13,21055,Germany,SO64125,4,1,4.99
481,2022-02-13,21055,Germany,SO64125,5,1,8.99
361,2022-02-13,17191,Germany,SO64126,1,1,2294.99
214,2022-02-13,17191,Germany,SO64126,2,1,34.99
535,2022-02-13,16457,Germany,SO64142,1,1,24.99
528,2022-02-13,16457,Germany,SO64142,2,1,4.99
483,2022-02-13,16457,Germany,SO64142,3,1,120
535,2022-02-13,17832,Germany,SO64143,1,1,24.99
529,2022-02-13,23634,Germany,SO64148,1,1,3.99
579,2022-02-13,19339,Germany,SO64160,1,1,1214.85
237,2022-02-13,19339,Germany,SO64160,2,1,49.99
575,2022-02-13,17220,Germany,SO64161,1,1,2384.07
479,2022-02-13,17220,Germany,SO64161,2,1,8.99
584,2022-02-13,13260,Germany,SO64175,1,1,539.99
361,2022-02-14,15675,Germany,SO64187,1,1,2294.99
528,2022-02-14,15675,Germany,SO64187,2,1,4.99
537,2022-02-14,15675,Germany,SO64187,3,1,35
477,2022-02-14,21086,Germany,SO64207,1,1,4.99
225,2022-02-14,21086,Germany,SO64207,2,1,8.99
214,2022-02-14,21086,Germany,SO64207,3,1,34.99
571,2022-02-14,28509,Germany,SO64218,1,1,742.35
214,2022-02-14,28509,Germany,SO64218,2,1,34.99
580,2022-02-15,25498,Germany,SO64248,1,1,1700.99
214,2022-02-15,25498,Germany,SO64248,2,1,34.99
231,2022-02-15,25498,Germany,SO64248,3,1,49.99
359,2022-02-15,12487,Germany,SO64251,1,1,2294.99
217,2022-02-15,12487,Germany,SO64251,2,1,34.99
528,2022-02-15,15458,Germany,SO64274,1,1,4.99
538,2022-02-15,25530,Germany,SO64277,1,1,21.49
480,2022-02-15,25530,Germany,SO64277,2,1,2.29
530,2022-02-15,28889,Germany,SO64278,1,1,4.99
484,2022-02-15,28889,Germany,SO64278,2,1,7.95
584,2022-02-15,23902,Germany,SO64292,1,1,539.99
467,2022-02-15,23902,Germany,SO64292,2,1,24.49
605,2022-02-15,23960,Germany,SO64293,1,1,539.99
529,2022-02-15,23960,Germany,SO64293,2,1,3.99
538,2022-02-15,23960,Germany,SO64293,3,1,21.49
214,2022-02-15,23960,Germany,SO64293,4,1,34.99
361,2022-02-16,17183,Germany,SO64309,1,1,2294.99
478,2022-02-16,17183,Germany,SO64309,2,1,9.99
477,2022-02-16,17183,Germany,SO64309,3,1,4.99
537,2022-02-16,14549,Germany,SO64335,1,1,35
528,2022-02-16,14549,Germany,SO64335,2,1,4.99
217,2022-02-16,14549,Germany,SO64335,3,1,34.99
529,2022-02-16,23755,Germany,SO64337,1,1,3.99
480,2022-02-16,23755,Germany,SO64337,2,1,2.29
477,2022-02-16,11415,Germany,SO64350,1,1,4.99
479,2022-02-16,11415,Germany,SO64350,2,1,8.99
591,2022-02-17,24837,Germany,SO64389,1,1,564.99
477,2022-02-17,24837,Germany,SO64389,2,1,4.99
478,2022-02-17,24837,Germany,SO64389,3,1,9.99
484,2022-02-17,24837,Germany,SO64389,4,1,7.95
355,2022-02-17,17184,Germany,SO64390,1,1,2319.99
485,2022-02-17,17184,Germany,SO64390,2,1,21.98
222,2022-02-17,17184,Germany,SO64390,3,1,34.99
529,2022-02-17,19935,Germany,SO64409,1,1,3.99
539,2022-02-17,19935,Germany,SO64409,2,1,24.99
488,2022-02-17,19935,Germany,SO64409,3,1,53.99
538,2022-02-17,26872,Germany,SO64413,1,1,21.49
480,2022-02-17,26872,Germany,SO64413,2,1,2.29
363,2022-02-18,12495,Germany,SO64454,1,1,2294.99
477,2022-02-18,12495,Germany,SO64454,2,1,4.99
478,2022-02-18,12495,Germany,SO64454,3,1,9.99
217,2022-02-18,12495,Germany,SO64454,4,1,34.99
538,2022-02-18,27813,Germany,SO64492,1,1,21.49
480,2022-02-18,27813,Germany,SO64492,2,1,2.29
530,2022-02-18,12725,Germany,SO64494,1,1,4.99
480,2022-02-18,12725,Germany,SO64494,2,1,2.29
483,2022-02-18,12725,Germany,SO64494,3,1,120
530,2022-02-18,13502,Germany,SO64497,1,1,4.99
228,2022-02-18,13502,Germany,SO64497,2,1,49.99
390,2022-02-18,20835,Germany,SO64519,1,1,1120.49
477,2022-02-18,20835,Germany,SO64519,2,1,4.99
479,2022-02-18,20835,Germany,SO64519,3,1,8.99
222,2022-02-18,20835,Germany,SO64519,4,1,34.99
231,2022-02-18,20835,Germany,SO64519,5,1,49.99
583,2022-02-19,17934,Germany,SO64540,1,1,1700.99
467,2022-02-19,17934,Germany,SO64540,2,1,24.49
590,2022-02-19,21065,Germany,SO64541,1,1,769.49
536,2022-02-19,21065,Germany,SO64541,2,1,29.99
528,2022-02-19,21065,Germany,SO64541,3,1,4.99
480,2022-02-19,21065,Germany,SO64541,4,1,2.29
359,2022-02-19,17221,Germany,SO64542,1,1,2294.99
537,2022-02-19,17221,Germany,SO64542,2,1,35
528,2022-02-19,17221,Germany,SO64542,3,1,4.99
485,2022-02-19,17221,Germany,SO64542,4,1,21.98
478,2022-02-19,17221,Germany,SO64542,5,1,9.99
477,2022-02-19,17221,Germany,SO64542,6,1,4.99
214,2022-02-19,17221,Germany,SO64542,7,1,34.99
359,2022-02-19,16199,Germany,SO64544,1,1,2294.99
485,2022-02-19,16199,Germany,SO64544,2,1,21.98
359,2022-02-19,12479,Germany,SO64546,1,1,2294.99
537,2022-02-19,12479,Germany,SO64546,2,1,35
363,2022-02-19,16821,Germany,SO64548,1,1,2294.99
478,2022-02-19,16821,Germany,SO64548,2,1,9.99
477,2022-02-19,16821,Germany,SO64548,3,1,4.99
217,2022-02-19,16821,Germany,SO64548,4,1,34.99
537,2022-02-19,15704,Germany,SO64561,1,1,35
477,2022-02-19,17113,Germany,SO64564,1,1,4.99
477,2022-02-19,21663,Germany,SO64565,1,1,4.99
217,2022-02-19,21663,Germany,SO64565,2,1,34.99
465,2022-02-19,21097,Germany,SO64567,1,1,24.49
477,2022-02-19,21097,Germany,SO64567,2,1,4.99
536,2022-02-19,20572,Germany,SO64569,1,1,29.99
528,2022-02-19,20572,Germany,SO64569,2,1,4.99
217,2022-02-19,20572,Germany,SO64569,3,1,34.99
225,2022-02-19,20572,Germany,SO64569,4,1,8.99
538,2022-02-19,26998,Germany,SO64571,1,1,21.49
529,2022-02-19,26998,Germany,SO64571,2,1,3.99
231,2022-02-19,26998,Germany,SO64571,3,1,49.99
478,2022-02-19,13597,Germany,SO64581,1,1,9.99
477,2022-02-19,13597,Germany,SO64581,2,1,4.99
217,2022-02-19,13597,Germany,SO64581,3,1,34.99
225,2022-02-19,13597,Germany,SO64581,4,1,8.99
382,2022-02-19,28396,Germany,SO64609,1,1,1120.49
217,2022-02-19,28396,Germany,SO64609,2,1,34.99
386,2022-02-19,20836,Germany,SO64610,1,1,1120.49
214,2022-02-19,20836,Germany,SO64610,2,1,34.99
361,2022-02-20,12388,Germany,SO64619,1,1,2294.99
222,2022-02-20,12388,Germany,SO64619,2,1,34.99
530,2022-02-20,12800,Germany,SO64647,1,1,4.99
214,2022-02-20,12800,Germany,SO64647,2,1,34.99
572,2022-02-20,28507,Germany,SO64656,1,1,742.35
222,2022-02-20,28507,Germany,SO64656,2,1,34.99
605,2022-02-20,23905,Germany,SO64673,1,1,539.99
217,2022-02-20,23905,Germany,SO64673,2,1,34.99
363,2022-02-21,16207,Germany,SO64677,1,1,2294.99
478,2022-02-21,16207,Germany,SO64677,2,1,9.99
217,2022-02-21,16207,Germany,SO64677,3,1,34.99
228,2022-02-21,16207,Germany,SO64677,4,1,49.99
592,2022-02-21,15073,Germany,SO64687,1,1,564.99
357,2022-02-21,17198,Germany,SO64688,1,1,2319.99
485,2022-02-21,17198,Germany,SO64688,2,1,21.98
234,2022-02-21,17198,Germany,SO64688,3,1,49.99
353,2022-02-21,12484,Germany,SO64689,1,1,2319.99
485,2022-02-21,12484,Germany,SO64689,2,1,21.98
478,2022-02-21,12484,Germany,SO64689,3,1,9.99
477,2022-02-21,12484,Germany,SO64689,4,1,4.99
214,2022-02-21,12484,Germany,SO64689,5,1,34.99
363,2022-02-21,15932,Germany,SO64691,1,1,2294.99
487,2022-02-21,15932,Germany,SO64691,2,1,54.99
359,2022-02-22,17181,Germany,SO64735,1,1,2294.99
214,2022-02-22,17181,Germany,SO64735,2,1,34.99
536,2022-02-22,21526,Germany,SO64756,1,1,29.99
528,2022-02-22,16939,Germany,SO64758,1,1,4.99
535,2022-02-22,16939,Germany,SO64758,2,1,24.99
535,2022-02-22,19042,Germany,SO64760,1,1,24.99
528,2022-02-22,19042,Germany,SO64760,2,1,4.99
222,2022-02-22,19042,Germany,SO64760,3,1,34.99
529,2022-02-22,25773,Germany,SO64763,1,1,3.99
538,2022-02-22,25773,Germany,SO64763,2,1,21.49
217,2022-02-22,25773,Germany,SO64763,3,1,34.99
572,2022-02-22,28505,Germany,SO64770,1,1,742.35
222,2022-02-22,28505,Germany,SO64770,2,1,34.99
231,2022-02-22,28505,Germany,SO64770,3,1,49.99
604,2022-02-22,23900,Germany,SO64783,1,1,539.99
363,2022-02-23,16826,Germany,SO64790,1,1,2294.99
537,2022-02-23,16826,Germany,SO64790,2,1,35
599,2022-02-23,24580,Germany,SO64795,1,1,539.99
485,2022-02-23,24580,Germany,SO64795,2,1,21.98
222,2022-02-23,24580,Germany,SO64795,3,1,34.99
582,2022-02-23,25497,Germany,SO64797,1,1,1700.99
588,2022-02-23,14149,Germany,SO64801,1,1,769.49
476,2022-02-23,14149,Germany,SO64801,2,1,69.99
361,2022-02-23,16830,Germany,SO64803,1,1,2294.99
480,2022-02-23,16830,Germany,SO64803,2,1,2.29
359,2022-02-23,12475,Germany,SO64804,1,1,2294.99
485,2022-02-23,12475,Germany,SO64804,2,1,21.98
231,2022-02-23,12475,Germany,SO64804,3,1,49.99
529,2022-02-23,18020,Germany,SO64826,1,1,3.99
539,2022-02-23,18020,Germany,SO64826,2,1,24.99
480,2022-02-23,18020,Germany,SO64826,3,1,2.29
484,2022-02-23,18020,Germany,SO64826,4,1,7.95
538,2022-02-23,26880,Germany,SO64827,1,1,21.49
480,2022-02-23,26880,Germany,SO64827,2,1,2.29
538,2022-02-23,26370,Germany,SO64828,1,1,21.49
480,2022-02-23,26370,Germany,SO64828,2,1,2.29
477,2022-02-23,12399,Germany,SO64833,1,1,4.99
478,2022-02-23,12399,Germany,SO64833,2,1,9.99
225,2022-02-23,12399,Germany,SO64833,3,1,8.99
217,2022-02-23,12399,Germany,SO64833,4,1,34.99
590,2022-02-24,21037,Germany,SO64862,1,1,769.49
228,2022-02-24,21037,Germany,SO64862,2,1,49.99
467,2022-02-24,21037,Germany,SO64862,3,1,24.49
541,2022-02-24,28538,Germany,SO64879,1,1,28.99
530,2022-02-24,28538,Germany,SO64879,2,1,4.99
480,2022-02-24,28538,Germany,SO64879,3,1,2.29
541,2022-02-24,29430,Germany,SO64882,1,1,28.99
606,2022-02-24,13560,Germany,SO64895,1,1,539.99
363,2022-02-25,16206,Germany,SO64897,1,1,2294.99
485,2022-02-25,16206,Germany,SO64897,2,1,21.98
477,2022-02-25,16206,Germany,SO64897,3,1,4.99
478,2022-02-25,16206,Germany,SO64897,4,1,9.99
225,2022-02-25,16206,Germany,SO64897,5,1,8.99
378,2022-02-25,16451,Germany,SO64905,1,1,2443.35
484,2022-02-25,16451,Germany,SO64905,2,1,7.95
569,2022-02-25,28501,Germany,SO64932,1,1,742.35
217,2022-02-25,28501,Germany,SO64932,2,1,34.99
225,2022-02-25,28501,Germany,SO64932,3,1,8.99
584,2022-02-25,13685,Germany,SO64945,1,1,539.99
538,2022-02-25,13685,Germany,SO64945,2,1,21.49
529,2022-02-25,13685,Germany,SO64945,3,1,3.99
359,2022-02-26,17220,Germany,SO64963,1,1,2294.99
537,2022-02-26,17220,Germany,SO64963,2,1,35
480,2022-02-26,17220,Germany,SO64963,3,1,2.29
484,2022-02-26,17220,Germany,SO64963,4,1,7.95
539,2022-02-26,18029,Germany,SO64990,1,1,24.99
529,2022-02-26,18029,Germany,SO64990,2,1,3.99
491,2022-02-26,18029,Germany,SO64990,3,1,53.99
359,2022-02-27,12499,Germany,SO65021,1,1,2294.99
222,2022-02-27,12499,Germany,SO65021,2,1,34.99
353,2022-02-27,16196,Germany,SO65032,1,1,2319.99
485,2022-02-27,16196,Germany,SO65032,2,1,21.98
355,2022-02-27,15627,Germany,SO65033,1,1,2319.99
225,2022-02-27,15627,Germany,SO65033,2,1,8.99
222,2022-02-27,15627,Germany,SO65033,3,1,34.99
355,2022-02-27,16587,Germany,SO65034,1,1,2319.99
537,2022-02-27,16587,Germany,SO65034,2,1,35
222,2022-02-27,16587,Germany,SO65034,3,1,34.99
225,2022-02-27,16587,Germany,SO65034,4,1,8.99
539,2022-02-27,19900,Germany,SO65049,1,1,24.99
480,2022-02-27,19900,Germany,SO65049,2,1,2.29
479,2022-02-27,11373,Germany,SO65059,1,1,8.99
477,2022-02-27,11373,Germany,SO65059,2,1,4.99
463,2022-02-27,11373,Germany,SO65059,3,1,24.49
606,2022-02-27,23961,Germany,SO65084,1,1,539.99
538,2022-02-27,23961,Germany,SO65084,2,1,21.49
529,2022-02-27,23961,Germany,SO65084,3,1,3.99
483,2022-02-27,23961,Germany,SO65084,4,1,120
528,2022-02-28,15608,Germany,SO65116,1,1,4.99
217,2022-02-28,15608,Germany,SO65116,2,1,34.99
529,2022-02-28,18636,Germany,SO65118,1,1,3.99
487,2022-02-28,18636,Germany,SO65118,2,1,54.99
529,2022-02-28,22815,Germany,SO65121,1,1,3.99
481,2022-02-28,22815,Germany,SO65121,2,1,8.99
214,2022-02-28,11544,Germany,SO65130,1,1,34.99
491,2022-02-28,11544,Germany,SO65130,2,1,53.99
566,2022-02-28,28513,Germany,SO65134,1,1,742.35
541,2022-02-28,28513,Germany,SO65134,2,1,28.99
530,2022-02-28,28513,Germany,SO65134,3,1,4.99
217,2022-02-28,28513,Germany,SO65134,4,1,34.99
574,2022-02-28,18134,Germany,SO65149,1,1,2384.07
225,2022-02-28,18134,Germany,SO65149,2,1,8.99
582,2022-02-28,25658,Germany,SO65324,1,1,1700.99
217,2022-02-28,25658,Germany,SO65324,2,1,34.99
361,2022-02-28,12548,Germany,SO65330,1,1,2294.99
478,2022-02-28,12548,Germany,SO65330,2,1,9.99
477,2022-02-28,12548,Germany,SO65330,3,1,4.99
225,2022-02-28,12548,Germany,SO65330,4,1,8.99
539,2022-02-28,19249,Germany,SO65360,1,1,24.99
529,2022-02-28,19249,Germany,SO65360,2,1,3.99
214,2022-02-28,19249,Germany,SO65360,3,1,34.99
530,2022-02-28,28887,Germany,SO65366,1,1,4.99
222,2022-02-28,28887,Germany,SO65366,2,1,34.99
606,2022-02-28,24025,Germany,SO65391,1,1,539.99
479,2022-02-28,24025,Germany,SO65391,2,1,8.99
477,2022-02-28,24025,Germany,SO65391,3,1,4.99
463,2022-02-28,24025,Germany,SO65391,4,1,24.49
576,2022-02-28,26038,Germany,SO65392,1,1,2384.07
479,2022-02-28,26038,Germany,SO65392,2,1,8.99
477,2022-02-28,26038,Germany,SO65392,3,1,4.99
487,2022-02-28,26038,Germany,SO65392,4,1,54.99
231,2022-02-28,26038,Germany,SO65392,5,1,49.99
529,2022-02-28,23916,Germany,SO65425,1,1,3.99
477,2022-02-28,21043,Germany,SO65426,1,1,4.99
217,2022-02-28,21043,Germany,SO65426,2,1,34.99
580,2022-02-28,25635,Germany,SO65453,1,1,1700.99
491,2022-02-28,25635,Germany,SO65453,2,1,53.99
582,2022-02-28,17945,Germany,SO65454,1,1,1700.99
463,2022-02-28,17945,Germany,SO65454,2,1,24.49
488,2022-02-28,17945,Germany,SO65454,3,1,53.99
363,2022-02-28,18171,Germany,SO65455,1,1,2294.99
478,2022-02-28,18171,Germany,SO65455,2,1,9.99
225,2022-02-28,18171,Germany,SO65455,3,1,8.99
477,2022-02-28,18171,Germany,SO65455,4,1,4.99
597,2022-02-28,22679,Germany,SO65464,1,1,539.99
485,2022-02-28,22679,Germany,SO65464,2,1,21.98
231,2022-02-28,22679,Germany,SO65464,3,1,49.99
529,2022-02-28,23952,Germany,SO65481,1,1,3.99
214,2022-02-28,23952,Germany,SO65481,2,1,34.99
477,2022-02-28,21853,Germany,SO65482,1,1,4.99
222,2022-02-28,21853,Germany,SO65482,2,1,34.99
228,2022-02-28,21853,Germany,SO65482,3,1,49.99
604,2022-02-28,13697,Germany,SO65503,1,1,539.99
467,2022-02-28,13697,Germany,SO65503,2,1,24.49
359,2022-03-01,17093,Germany,SO65510,1,1,2294.99
485,2022-03-01,17093,Germany,SO65510,2,1,21.98
529,2022-03-01,19330,Germany,SO65526,1,1,3.99
539,2022-03-01,19330,Germany,SO65526,2,1,24.99
480,2022-03-01,19330,Germany,SO65526,3,1,2.29
538,2022-03-01,24696,Germany,SO65527,1,1,21.49
480,2022-03-01,24696,Germany,SO65527,2,1,2.29
539,2022-03-01,18033,Germany,SO65529,1,1,24.99
225,2022-03-01,28548,Germany,SO65542,1,1,8.99
568,2022-03-01,28548,Germany,SO65542,2,1,742.35
575,2022-03-01,11237,Germany,SO65557,1,1,2384.07
214,2022-03-01,11237,Germany,SO65557,2,1,34.99
357,2022-03-02,18140,Germany,SO65561,1,1,2319.99
477,2022-03-02,18140,Germany,SO65561,2,1,4.99
478,2022-03-02,18140,Germany,SO65561,3,1,9.99
484,2022-03-02,18140,Germany,SO65561,4,1,7.95
355,2022-03-02,16298,Germany,SO65562,1,1,2319.99
537,2022-03-02,16298,Germany,SO65562,2,1,35
222,2022-03-02,16298,Germany,SO65562,3,1,34.99
225,2022-03-02,16298,Germany,SO65562,4,1,8.99
485,2022-03-02,14841,Germany,SO65587,1,1,21.98
472,2022-03-02,14841,Germany,SO65587,2,1,63.5
540,2022-03-02,14182,Germany,SO65589,1,1,32.6
478,2022-03-02,12558,Germany,SO65600,1,1,9.99
477,2022-03-02,12558,Germany,SO65600,2,1,4.99
572,2022-03-02,28531,Germany,SO65606,1,1,742.35
225,2022-03-02,28531,Germany,SO65606,2,1,8.99
567,2022-03-02,28684,Germany,SO65607,1,1,742.35
217,2022-03-02,28684,Germany,SO65607,2,1,34.99
560,2022-03-02,27120,Germany,SO65608,1,1,1214.85
231,2022-03-02,27120,Germany,SO65608,2,1,49.99
561,2022-03-02,16207,Germany,SO65624,1,1,2384.07
479,2022-03-02,16207,Germany,SO65624,2,1,8.99
588,2022-03-03,21102,Germany,SO65638,1,1,769.49
478,2022-03-03,21102,Germany,SO65638,2,1,9.99
477,2022-03-03,21102,Germany,SO65638,3,1,4.99
225,2022-03-03,21102,Germany,SO65638,4,1,8.99
539,2022-03-03,17995,Germany,SO65659,1,1,24.99
480,2022-03-03,17995,Germany,SO65659,2,1,2.29
538,2022-03-03,27003,Germany,SO65661,1,1,21.49
605,2022-03-03,24049,Germany,SO65677,1,1,539.99
222,2022-03-03,24049,Germany,SO65677,2,1,34.99
606,2022-03-03,24059,Germany,SO65679,1,1,539.99
225,2022-03-03,24059,Germany,SO65679,2,1,8.99
222,2022-03-03,24059,Germany,SO65679,3,1,34.99
357,2022-03-04,12500,Germany,SO65682,1,1,2319.99
537,2022-03-04,12500,Germany,SO65682,2,1,35
528,2022-03-04,12500,Germany,SO65682,3,1,4.99
217,2022-03-04,12500,Germany,SO65682,4,1,34.99
225,2022-03-04,12500,Germany,SO65682,5,1,8.99
528,2022-03-04,20937,Germany,SO65712,1,1,4.99
536,2022-03-04,20937,Germany,SO65712,2,1,29.99
214,2022-03-04,20937,Germany,SO65712,3,1,34.99
237,2022-03-04,20937,Germany,SO65712,4,1,49.99
234,2022-03-04,12458,Germany,SO65721,1,1,49.99
382,2022-03-04,28521,Germany,SO65741,1,1,1120.49
217,2022-03-04,28521,Germany,SO65741,2,1,34.99
225,2022-03-04,28521,Germany,SO65741,3,1,8.99
561,2022-03-04,25762,Germany,SO65742,1,1,2384.07
541,2022-03-04,25762,Germany,SO65742,2,1,28.99
530,2022-03-04,25762,Germany,SO65742,3,1,4.99
487,2022-03-04,25762,Germany,SO65742,4,1,54.99
217,2022-03-04,25762,Germany,SO65742,5,1,34.99
225,2022-03-04,25762,Germany,SO65742,6,1,8.99
353,2022-03-05,18167,Germany,SO65747,1,1,2319.99
214,2022-03-05,18167,Germany,SO65747,2,1,34.99
231,2022-03-05,18167,Germany,SO65747,3,1,49.99
363,2022-03-05,12546,Germany,SO65748,1,1,2294.99
478,2022-03-05,12546,Germany,SO65748,2,1,9.99
477,2022-03-05,12546,Germany,SO65748,3,1,4.99
217,2022-03-05,12546,Germany,SO65748,4,1,34.99
594,2022-03-05,15454,Germany,SO65756,1,1,564.99
529,2022-03-05,23914,Germany,SO65768,1,1,3.99
480,2022-03-05,23914,Germany,SO65768,2,1,2.29
560,2022-03-05,27119,Germany,SO65775,1,1,1214.85
479,2022-03-05,27119,Germany,SO65775,2,1,8.99
477,2022-03-05,27119,Germany,SO65775,3,1,4.99
577,2022-03-05,19364,Germany,SO65776,1,1,1214.85
222,2022-03-05,19364,Germany,SO65776,2,1,34.99
587,2022-03-06,21087,Germany,SO65816,1,1,769.49
237,2022-03-06,21087,Germany,SO65816,2,1,49.99
535,2022-03-06,16456,Germany,SO65833,1,1,24.99
528,2022-03-06,16456,Germany,SO65833,2,1,4.99
214,2022-03-06,16456,Germany,SO65833,3,1,34.99
529,2022-03-06,22834,Germany,SO65837,1,1,3.99
225,2022-03-06,22834,Germany,SO65837,2,1,8.99
538,2022-03-06,25487,Germany,SO65839,1,1,21.49
480,2022-03-06,25487,Germany,SO65839,2,1,2.29
484,2022-03-06,25487,Germany,SO65839,3,1,7.95
541,2022-03-06,26403,Germany,SO65840,1,1,28.99
530,2022-03-06,26403,Germany,SO65840,2,1,4.99
484,2022-03-06,26403,Germany,SO65840,3,1,7.95
382,2022-03-06,20842,Germany,SO65872,1,1,1120.49
479,2022-03-06,20842,Germany,SO65872,2,1,8.99
477,2022-03-06,20842,Germany,SO65872,3,1,4.99
217,2022-03-06,20842,Germany,SO65872,4,1,34.99
606,2022-03-06,13686,Germany,SO65875,1,1,539.99
597,2022-03-07,24850,Germany,SO65890,1,1,539.99
222,2022-03-07,24850,Germany,SO65890,2,1,34.99
231,2022-03-07,24850,Germany,SO65890,3,1,49.99
538,2022-03-07,25754,Germany,SO65918,1,1,21.49
480,2022-03-07,25754,Germany,SO65918,2,1,2.29
357,2022-03-08,18139,Germany,SO65950,1,1,2319.99
485,2022-03-08,18139,Germany,SO65950,2,1,21.98
478,2022-03-08,18139,Germany,SO65950,3,1,9.99
477,2022-03-08,18139,Germany,SO65950,4,1,4.99
359,2022-03-08,16448,Germany,SO65960,1,1,2294.99
480,2022-03-08,16448,Germany,SO65960,2,1,2.29
587,2022-03-08,14709,Germany,SO65962,1,1,769.49
228,2022-03-08,14709,Germany,SO65962,2,1,49.99
528,2022-03-08,19349,Germany,SO65981,1,1,4.99
536,2022-03-08,19349,Germany,SO65981,2,1,29.99
214,2022-03-08,19349,Germany,SO65981,3,1,34.99
485,2022-03-08,17215,Germany,SO65982,1,1,21.98
478,2022-03-08,17215,Germany,SO65982,2,1,9.99
529,2022-03-08,23627,Germany,SO65987,1,1,3.99
217,2022-03-08,23627,Germany,SO65987,2,1,34.99
477,2022-03-08,12600,Germany,SO65995,1,1,4.99
478,2022-03-08,12600,Germany,SO65995,2,1,9.99
214,2022-03-08,12600,Germany,SO65995,3,1,34.99
574,2022-03-08,26221,Germany,SO66004,1,1,2384.07
222,2022-03-08,26221,Germany,SO66004,2,1,34.99
606,2022-03-08,24017,Germany,SO66011,1,1,539.99
477,2022-03-08,24017,Germany,SO66011,2,1,4.99
479,2022-03-08,24017,Germany,SO66011,3,1,8.99
561,2022-03-08,18139,Germany,SO66012,1,1,2384.07
479,2022-03-08,18139,Germany,SO66012,2,1,8.99
477,2022-03-08,18139,Germany,SO66012,3,1,4.99
225,2022-03-08,18139,Germany,SO66012,4,1,8.99
581,2022-03-09,17947,Germany,SO66016,1,1,1700.99
234,2022-03-09,17947,Germany,SO66016,2,1,49.99
363,2022-03-09,12501,Germany,SO66019,1,1,2294.99
478,2022-03-09,12501,Germany,SO66019,2,1,9.99
477,2022-03-09,12501,Germany,SO66019,3,1,4.99
214,2022-03-09,12501,Germany,SO66019,4,1,34.99
353,2022-03-09,18183,Germany,SO66021,1,1,2319.99
478,2022-03-09,18183,Germany,SO66021,2,1,9.99
477,2022-03-09,18183,Germany,SO66021,3,1,4.99
484,2022-03-09,18183,Germany,SO66021,4,1,7.95
355,2022-03-09,18133,Germany,SO66022,1,1,2319.99
485,2022-03-09,18133,Germany,SO66022,2,1,21.98
489,2022-03-09,18133,Germany,SO66022,3,1,53.99
374,2022-03-09,16475,Germany,SO66031,1,1,2443.35
479,2022-03-09,16475,Germany,SO66031,2,1,8.99
477,2022-03-09,16475,Germany,SO66031,3,1,4.99
217,2022-03-09,16475,Germany,SO66031,4,1,34.99
562,2022-03-09,26209,Germany,SO66058,1,1,2384.07
382,2022-03-09,20845,Germany,SO66072,1,1,1120.49
491,2022-03-09,20845,Germany,SO66072,2,1,53.99
605,2022-03-09,24027,Germany,SO66074,1,1,539.99
479,2022-03-09,24027,Germany,SO66074,2,1,8.99
477,2022-03-09,24027,Germany,SO66074,3,1,4.99
484,2022-03-09,24027,Germany,SO66074,4,1,7.95
582,2022-03-10,25737,Germany,SO66079,1,1,1700.99
529,2022-03-10,25737,Germany,SO66079,2,1,3.99
539,2022-03-10,25737,Germany,SO66079,3,1,24.99
217,2022-03-10,25737,Germany,SO66079,4,1,34.99
363,2022-03-10,19029,Germany,SO66092,1,1,2294.99
225,2022-03-10,19029,Germany,SO66092,2,1,8.99
214,2022-03-10,19029,Germany,SO66092,3,1,34.99
589,2022-03-10,21107,Germany,SO66094,1,1,769.49
536,2022-03-10,21107,Germany,SO66094,2,1,29.99
528,2022-03-10,21107,Germany,SO66094,3,1,4.99
480,2022-03-10,21107,Germany,SO66094,4,1,2.29
529,2022-03-10,19300,Germany,SO66117,1,1,3.99
539,2022-03-10,19300,Germany,SO66117,2,1,24.99
484,2022-03-10,19300,Germany,SO66117,3,1,7.95
530,2022-03-10,27174,Germany,SO66125,1,1,4.99
480,2022-03-10,27174,Germany,SO66125,2,1,2.29
571,2022-03-10,13264,Germany,SO66133,1,1,742.35
214,2022-03-10,13264,Germany,SO66133,2,1,34.99
562,2022-03-10,16263,Germany,SO66151,1,1,2384.07
357,2022-03-11,18157,Germany,SO66154,1,1,2319.99
537,2022-03-11,18157,Germany,SO66154,2,1,35
225,2022-03-11,18157,Germany,SO66154,3,1,8.99
222,2022-03-11,18157,Germany,SO66154,4,1,34.99
361,2022-03-11,18185,Germany,SO66161,1,1,2294.99
485,2022-03-11,18185,Germany,SO66161,2,1,21.98
477,2022-03-11,18185,Germany,SO66161,3,1,4.99
478,2022-03-11,18185,Germany,SO66161,4,1,9.99
589,2022-03-11,21108,Germany,SO66162,1,1,769.49
228,2022-03-11,21108,Germany,SO66162,2,1,49.99
384,2022-03-11,20843,Germany,SO66201,1,1,1120.49
361,2022-03-12,16567,Germany,SO66211,1,1,2294.99
537,2022-03-12,16567,Germany,SO66211,2,1,35
480,2022-03-12,16567,Germany,SO66211,3,1,2.29
537,2022-03-12,15707,Germany,SO66234,1,1,35
606,2022-03-12,24077,Germany,SO66257,1,1,539.99
477,2022-03-12,24077,Germany,SO66257,2,1,4.99
479,2022-03-12,24077,Germany,SO66257,3,1,8.99
217,2022-03-12,24077,Germany,SO66257,4,1,34.99
477,2022-03-13,21842,Germany,SO66290,1,1,4.99
225,2022-03-13,21842,Germany,SO66290,2,1,8.99
217,2022-03-13,21842,Germany,SO66290,3,1,34.99
477,2022-03-13,22801,Germany,SO66293,1,1,4.99
606,2022-03-13,24018,Germany,SO66317,1,1,539.99
217,2022-03-13,24018,Germany,SO66317,2,1,34.99
363,2022-03-14,18134,Germany,SO66320,1,1,2294.99
225,2022-03-14,18134,Germany,SO66320,2,1,8.99
222,2022-03-14,18134,Germany,SO66320,3,1,34.99
535,2022-03-14,17856,Germany,SO66344,1,1,24.99
528,2022-03-14,17856,Germany,SO66344,2,1,4.99
480,2022-03-14,17856,Germany,SO66344,3,1,2.29
477,2022-03-14,20946,Germany,SO66346,1,1,4.99
489,2022-03-14,20946,Germany,SO66346,2,1,53.99
541,2022-03-14,28381,Germany,SO66347,1,1,28.99
530,2022-03-14,28381,Germany,SO66347,2,1,4.99
225,2022-03-14,28381,Germany,SO66347,3,1,8.99
231,2022-03-14,28381,Germany,SO66347,4,1,49.99
584,2022-03-14,24052,Germany,SO66366,1,1,539.99
479,2022-03-14,24052,Germany,SO66366,2,1,8.99
582,2022-03-15,17941,Germany,SO66374,1,1,1700.99
477,2022-03-15,17941,Germany,SO66374,2,1,4.99
479,2022-03-15,17941,Germany,SO66374,3,1,8.99
214,2022-03-15,17941,Germany,SO66374,4,1,34.99
579,2022-03-15,19340,Germany,SO66413,1,1,1214.85
225,2022-03-15,19340,Germany,SO66413,2,1,8.99
564,2022-03-15,11249,Germany,SO66414,1,1,2384.07
541,2022-03-15,11249,Germany,SO66414,2,1,28.99
530,2022-03-15,11249,Germany,SO66414,3,1,4.99
480,2022-03-15,11249,Germany,SO66414,4,1,2.29
575,2022-03-15,18140,Germany,SO66431,1,1,2384.07
477,2022-03-15,18140,Germany,SO66431,2,1,4.99
479,2022-03-15,18140,Germany,SO66431,3,1,8.99
589,2022-03-16,23619,Germany,SO66444,1,1,769.49
528,2022-03-16,23619,Germany,SO66444,2,1,4.99
536,2022-03-16,23619,Germany,SO66444,3,1,29.99
480,2022-03-16,23619,Germany,SO66444,4,1,2.29
485,2022-03-16,18124,Germany,SO66465,1,1,21.98
217,2022-03-16,18124,Germany,SO66465,2,1,34.99
529,2022-03-16,17818,Germany,SO66467,1,1,3.99
530,2022-03-16,12731,Germany,SO66469,1,1,4.99
487,2022-03-16,12731,Germany,SO66469,2,1,54.99
225,2022-03-16,11584,Germany,SO66474,1,1,8.99
562,2022-03-16,11246,Germany,SO66482,1,1,2384.07
214,2022-03-16,11246,Germany,SO66482,2,1,34.99
390,2022-03-16,20847,Germany,SO66496,1,1,1120.49
225,2022-03-16,20847,Germany,SO66496,2,1,8.99
222,2022-03-16,20847,Germany,SO66496,3,1,34.99
390,2022-03-16,20854,Germany,SO66497,1,1,1120.49
214,2022-03-16,20854,Germany,SO66497,2,1,34.99
388,2022-03-16,20870,Germany,SO66498,1,1,1120.49
222,2022-03-16,20870,Germany,SO66498,2,1,34.99
573,2022-03-16,11245,Germany,SO66500,1,1,2384.07
541,2022-03-16,11245,Germany,SO66500,2,1,28.99
530,2022-03-16,11245,Germany,SO66500,3,1,4.99
594,2022-03-17,15457,Germany,SO66521,1,1,564.99
222,2022-03-17,15457,Germany,SO66521,2,1,34.99
538,2022-03-17,25144,Germany,SO66534,1,1,21.49
529,2022-03-17,25144,Germany,SO66534,2,1,3.99
529,2022-03-17,24180,Germany,SO66537,1,1,3.99
222,2022-03-17,24180,Germany,SO66537,2,1,34.99
541,2022-03-17,24722,Germany,SO66539,1,1,28.99
530,2022-03-17,24722,Germany,SO66539,2,1,4.99
363,2022-03-18,18176,Germany,SO66576,1,1,2294.99
477,2022-03-18,18176,Germany,SO66576,2,1,4.99
478,2022-03-18,18176,Germany,SO66576,3,1,9.99
214,2022-03-18,18176,Germany,SO66576,4,1,34.99
474,2022-03-18,15096,Germany,SO66604,1,1,69.99
528,2022-03-18,21536,Germany,SO66607,1,1,4.99
536,2022-03-18,21536,Germany,SO66607,2,1,29.99
222,2022-03-18,21536,Germany,SO66607,3,1,34.99
225,2022-03-18,21536,Germany,SO66607,4,1,8.99
529,2022-03-18,24074,Germany,SO66608,1,1,3.99
214,2022-03-18,24074,Germany,SO66608,2,1,34.99
225,2022-03-18,12535,Germany,SO66613,1,1,8.99
570,2022-03-18,28686,Germany,SO66617,1,1,742.35
477,2022-03-18,28686,Germany,SO66617,2,1,4.99
479,2022-03-18,28686,Germany,SO66617,3,1,8.99
217,2022-03-18,28686,Germany,SO66617,4,1,34.99
225,2022-03-18,28686,Germany,SO66617,5,1,8.99
471,2022-03-18,24060,Germany,SO66634,1,1,63.5
584,2022-03-18,24060,Germany,SO66634,2,1,539.99
582,2022-03-19,17946,Germany,SO66639,1,1,1700.99
359,2022-03-19,16263,Germany,SO66641,1,1,2294.99
485,2022-03-19,16263,Germany,SO66641,2,1,21.98
478,2022-03-19,16263,Germany,SO66641,3,1,9.99
214,2022-03-19,16263,Germany,SO66641,4,1,34.99
489,2022-03-19,16263,Germany,SO66641,5,1,53.99
588,2022-03-19,14541,Germany,SO66651,1,1,769.49
228,2022-03-19,14541,Germany,SO66651,2,1,49.99
529,2022-03-19,12401,Germany,SO66672,1,1,3.99
540,2022-03-19,12401,Germany,SO66672,2,1,32.6
538,2022-03-19,24838,Germany,SO66675,1,1,21.49
480,2022-03-19,24838,Germany,SO66675,2,1,2.29
234,2022-03-19,12469,Germany,SO66683,1,1,49.99
581,2022-03-20,25651,Germany,SO66700,1,1,1700.99
222,2022-03-20,25651,Germany,SO66700,2,1,34.99
237,2022-03-20,25651,Germany,SO66700,3,1,49.99
361,2022-03-20,16307,Germany,SO66701,1,1,2294.99
485,2022-03-20,16307,Germany,SO66701,2,1,21.98
217,2022-03-20,16307,Germany,SO66701,3,1,34.99
359,2022-03-20,19030,Germany,SO66708,1,1,2294.99
477,2022-03-20,19030,Germany,SO66708,2,1,4.99
478,2022-03-20,19030,Germany,SO66708,3,1,9.99
589,2022-03-20,23616,Germany,SO66709,1,1,769.49
228,2022-03-20,23616,Germany,SO66709,2,1,49.99
477,2022-03-20,22386,Germany,SO66728,1,1,4.99
536,2022-03-20,20805,Germany,SO66729,1,1,29.99
604,2022-03-20,24036,Germany,SO66761,1,1,539.99
477,2022-03-20,24036,Germany,SO66761,2,1,4.99
479,2022-03-20,24036,Germany,SO66761,3,1,8.99
488,2022-03-20,24036,Germany,SO66761,4,1,53.99
359,2022-03-21,16309,Germany,SO66767,1,1,2294.99
478,2022-03-21,16309,Germany,SO66767,2,1,9.99
477,2022-03-21,16309,Germany,SO66767,3,1,4.99
361,2022-03-21,16565,Germany,SO66777,1,1,2294.99
478,2022-03-21,16565,Germany,SO66777,2,1,9.99
222,2022-03-21,16565,Germany,SO66777,3,1,34.99
357,2022-03-21,19034,Germany,SO66778,1,1,2319.99
480,2022-03-21,19034,Germany,SO66778,2,1,2.29
529,2022-03-21,24843,Germany,SO66802,1,1,3.99
472,2022-03-21,24843,Germany,SO66802,2,1,63.5
538,2022-03-21,24843,Germany,SO66802,3,1,21.49
539,2022-03-21,18002,Germany,SO66803,1,1,24.99
480,2022-03-21,18002,Germany,SO66803,2,1,2.29
529,2022-03-21,24117,Germany,SO66804,1,1,3.99
481,2022-03-21,24117,Germany,SO66804,2,1,8.99
582,2022-03-23,17942,Germany,SO66888,1,1,1700.99
479,2022-03-23,17942,Germany,SO66888,2,1,8.99
477,2022-03-23,17942,Germany,SO66888,3,1,4.99
528,2022-03-23,17100,Germany,SO66912,1,1,4.99
535,2022-03-23,17100,Germany,SO66912,2,1,24.99
485,2022-03-23,17100,Germany,SO66912,3,1,21.98
222,2022-03-23,17100,Germany,SO66912,4,1,34.99
225,2022-03-23,17100,Germany,SO66912,5,1,8.99
529,2022-03-23,25650,Germany,SO66915,1,1,3.99
538,2022-03-23,25650,Germany,SO66915,2,1,21.49
214,2022-03-23,25650,Germany,SO66915,3,1,34.99
586,2022-03-23,28528,Germany,SO66922,1,1,742.35
225,2022-03-23,28528,Germany,SO66922,2,1,8.99
605,2022-03-23,24033,Germany,SO66938,1,1,539.99
217,2022-03-23,24033,Germany,SO66938,2,1,34.99
359,2022-03-24,12521,Germany,SO66943,1,1,2294.99
485,2022-03-24,12521,Germany,SO66943,2,1,21.98
231,2022-03-24,12521,Germany,SO66943,3,1,49.99
359,2022-03-24,16297,Germany,SO66946,1,1,2294.99
589,2022-03-24,21666,Germany,SO66955,1,1,769.49
225,2022-03-24,21666,Germany,SO66955,2,1,8.99
234,2022-03-24,21666,Germany,SO66955,3,1,49.99
594,2022-03-24,15456,Germany,SO66956,1,1,564.99
478,2022-03-24,15456,Germany,SO66956,2,1,9.99
477,2022-03-24,15456,Germany,SO66956,3,1,4.99
489,2022-03-24,15456,Germany,SO66956,4,1,53.99
528,2022-03-24,19391,Germany,SO66978,1,1,4.99
536,2022-03-24,19391,Germany,SO66978,2,1,29.99
484,2022-03-24,19391,Germany,SO66978,3,1,7.95
604,2022-03-24,24046,Germany,SO67013,1,1,539.99
477,2022-03-24,24046,Germany,SO67013,2,1,4.99
479,2022-03-24,24046,Germany,SO67013,3,1,8.99
353,2022-03-25,12712,Germany,SO67024,1,1,2319.99
485,2022-03-25,12712,Germany,SO67024,2,1,21.98
228,2022-03-25,12712,Germany,SO67024,3,1,49.99
477,2022-03-25,21823,Germany,SO67051,1,1,4.99
529,2022-03-25,24086,Germany,SO67053,1,1,3.99
228,2022-03-25,24086,Germany,SO67053,2,1,49.99
530,2022-03-25,13532,Germany,SO67054,1,1,4.99
480,2022-03-25,13532,Germany,SO67054,2,1,2.29
214,2022-03-25,11477,Germany,SO67061,1,1,34.99
225,2022-03-25,27136,Germany,SO67070,1,1,8.99
560,2022-03-25,27136,Germany,SO67070,2,1,1214.85
576,2022-03-25,26223,Germany,SO67072,1,1,2384.07
477,2022-03-25,26223,Germany,SO67072,2,1,4.99
479,2022-03-25,26223,Germany,SO67072,3,1,8.99
225,2022-03-25,26223,Germany,SO67072,4,1,8.99
382,2022-03-25,28522,Germany,SO67079,1,1,1120.49
479,2022-03-25,28522,Germany,SO67079,2,1,8.99
477,2022-03-25,28522,Germany,SO67079,3,1,4.99
472,2022-03-25,28522,Germany,SO67079,4,1,63.5
359,2022-03-26,12624,Germany,SO67088,1,1,2294.99
214,2022-03-26,12624,Germany,SO67088,2,1,34.99
359,2022-03-26,17103,Germany,SO67089,1,1,2294.99
478,2022-03-26,17103,Germany,SO67089,2,1,9.99
477,2022-03-26,17103,Germany,SO67089,3,1,4.99
463,2022-03-26,17103,Germany,SO67089,4,1,24.49
529,2022-03-26,23604,Germany,SO67114,1,1,3.99
529,2022-03-26,22563,Germany,SO67116,1,1,3.99
225,2022-03-26,22563,Germany,SO67116,2,1,8.99
529,2022-03-26,24156,Germany,SO67120,1,1,3.99
480,2022-03-26,24156,Germany,SO67120,2,1,2.29
571,2022-03-26,13265,Germany,SO67128,1,1,742.35
541,2022-03-26,13265,Germany,SO67128,2,1,28.99
580,2022-03-27,11431,Germany,SO67142,1,1,1700.99
477,2022-03-27,11431,Germany,SO67142,2,1,4.99
479,2022-03-27,11431,Germany,SO67142,3,1,8.99
222,2022-03-27,11431,Germany,SO67142,4,1,34.99
359,2022-03-27,18164,Germany,SO67143,1,1,2294.99
222,2022-03-27,18164,Germany,SO67143,2,1,34.99
374,2022-03-27,16466,Germany,SO67157,1,1,2443.35
528,2022-03-27,16279,Germany,SO67171,1,1,4.99
225,2022-03-27,16279,Germany,SO67171,2,1,8.99
222,2022-03-27,16279,Germany,SO67171,3,1,34.99
538,2022-03-27,25581,Germany,SO67176,1,1,21.49
529,2022-03-27,25581,Germany,SO67176,2,1,3.99
225,2022-03-27,25581,Germany,SO67176,3,1,8.99
605,2022-03-27,24024,Germany,SO67199,1,1,539.99
472,2022-03-27,24024,Germany,SO67199,2,1,63.5
485,2022-03-29,14767,Germany,SO67375,1,1,21.98
484,2022-03-29,14767,Germany,SO67375,2,1,7.95
384,2022-03-29,20874,Germany,SO67407,1,1,1120.49
231,2022-03-29,20874,Germany,SO67407,2,1,49.99
225,2022-03-29,20874,Germany,SO67407,3,1,8.99
390,2022-03-29,28554,Germany,SO67408,1,1,1120.49
222,2022-03-29,28554,Germany,SO67408,2,1,34.99
390,2022-03-29,28555,Germany,SO67409,1,1,1120.49
479,2022-03-29,28555,Germany,SO67409,2,1,8.99
477,2022-03-29,28555,Germany,SO67409,3,1,4.99
606,2022-03-29,24716,Germany,SO67411,1,1,539.99
479,2022-03-29,24716,Germany,SO67411,2,1,8.99
477,2022-03-29,24716,Germany,SO67411,3,1,4.99
484,2022-03-29,24716,Germany,SO67411,4,1,7.95
363,2022-03-30,19040,Germany,SO67427,1,1,2294.99
477,2022-03-30,19040,Germany,SO67427,2,1,4.99
478,2022-03-30,19040,Germany,SO67427,3,1,9.99
357,2022-03-30,17781,Germany,SO67429,1,1,2319.99
485,2022-03-30,17781,Germany,SO67429,2,1,21.98
482,2022-03-30,17781,Germany,SO67429,3,1,8.99
372,2022-03-30,24067,Germany,SO67430,1,1,2443.35
477,2022-03-30,24067,Germany,SO67430,2,1,4.99
479,2022-03-30,24067,Germany,SO67430,3,1,8.99
222,2022-03-30,24067,Germany,SO67430,4,1,34.99
598,2022-03-30,15622,Germany,SO67431,1,1,539.99
217,2022-03-30,15622,Germany,SO67431,2,1,34.99
225,2022-03-30,15622,Germany,SO67431,3,1,8.99
580,2022-03-30,17989,Germany,SO67432,1,1,1700.99
228,2022-03-30,17989,Germany,SO67432,2,1,49.99
528,2022-03-30,12408,Germany,SO67443,1,1,4.99
537,2022-03-30,12408,Germany,SO67443,2,1,35
480,2022-03-30,12408,Germany,SO67443,3,1,2.29
477,2022-03-30,21546,Germany,SO67446,1,1,4.99
572,2022-03-30,28699,Germany,SO67460,1,1,742.35
222,2022-03-30,28699,Germany,SO67460,2,1,34.99
606,2022-03-30,24099,Germany,SO67472,1,1,539.99
538,2022-03-30,24099,Germany,SO67472,2,1,21.49
480,2022-03-30,24099,Germany,SO67472,3,1,2.29
584,2022-03-30,13261,Germany,SO67474,1,1,539.99
564,2022-03-30,16309,Germany,SO67477,1,1,2384.07
214,2022-03-30,16309,Germany,SO67477,2,1,34.99
563,2022-03-30,11431,Germany,SO67478,1,1,2384.07
477,2022-03-30,11431,Germany,SO67478,2,1,4.99
479,2022-03-30,11431,Germany,SO67478,3,1,8.99
590,2022-04-01,14769,Germany,SO67499,1,1,769.49
231,2022-04-01,14769,Germany,SO67499,2,1,49.99
587,2022-04-01,22307,Germany,SO67500,1,1,769.49
536,2022-04-01,22307,Germany,SO67500,2,1,29.99
528,2022-04-01,22307,Germany,SO67500,3,1,4.99
580,2022-04-01,26352,Germany,SO67502,1,1,1700.99
488,2022-04-01,26352,Germany,SO67502,2,1,53.99
225,2022-04-01,26352,Germany,SO67502,3,1,8.99
536,2022-04-01,20176,Germany,SO67528,1,1,29.99
480,2022-04-01,20176,Germany,SO67528,2,1,2.29
529,2022-04-01,18023,Germany,SO67530,1,1,3.99
539,2022-04-01,18023,Germany,SO67530,2,1,24.99
486,2022-04-01,18023,Germany,SO67530,3,1,159
541,2022-04-01,29370,Germany,SO67532,1,1,28.99
530,2022-04-01,29370,Germany,SO67532,2,1,4.99
482,2022-04-01,29370,Germany,SO67532,3,1,8.99
487,2022-04-01,29370,Germany,SO67532,4,1,54.99
234,2022-04-01,12258,Germany,SO67542,1,1,49.99
567,2022-04-01,28688,Germany,SO67547,1,1,742.35
486,2022-04-01,28688,Germany,SO67547,2,1,159
604,2022-04-01,24182,Germany,SO67569,1,1,539.99
477,2022-04-01,24182,Germany,SO67569,2,1,4.99
479,2022-04-01,24182,Germany,SO67569,3,1,8.99
225,2022-04-01,24182,Germany,SO67569,4,1,8.99
574,2022-04-01,16298,Germany,SO67571,1,1,2384.07
541,2022-04-01,16298,Germany,SO67571,2,1,28.99
530,2022-04-01,16298,Germany,SO67571,3,1,4.99
480,2022-04-01,16298,Germany,SO67571,4,1,2.29
361,2022-04-02,19065,Germany,SO67582,1,1,2294.99
361,2022-04-02,19038,Germany,SO67584,1,1,2294.99
478,2022-04-02,19038,Germany,SO67584,2,1,9.99
477,2022-04-02,19038,Germany,SO67584,3,1,4.99
484,2022-04-02,19038,Germany,SO67584,4,1,7.95
588,2022-04-02,21667,Germany,SO67586,1,1,769.49
234,2022-04-02,21667,Germany,SO67586,2,1,49.99
477,2022-04-02,21834,Germany,SO67608,1,1,4.99
491,2022-04-02,21834,Germany,SO67608,2,1,53.99
529,2022-04-02,24564,Germany,SO67610,1,1,3.99
214,2022-04-02,24564,Germany,SO67610,2,1,34.99
569,2022-04-02,13406,Germany,SO67621,1,1,742.35
222,2022-04-02,13406,Germany,SO67621,2,1,34.99
586,2022-04-02,28705,Germany,SO67622,1,1,742.35
214,2022-04-02,28705,Germany,SO67622,2,1,34.99
605,2022-04-02,24205,Germany,SO67638,1,1,539.99
538,2022-04-02,24205,Germany,SO67638,2,1,21.49
490,2022-04-02,24205,Germany,SO67638,3,1,53.99
529,2022-04-03,14715,Germany,SO67675,1,1,3.99
539,2022-04-03,14715,Germany,SO67675,2,1,24.99
480,2022-04-03,14715,Germany,SO67675,3,1,2.29
477,2022-04-03,21007,Germany,SO67678,1,1,4.99
488,2022-04-03,21007,Germany,SO67678,2,1,53.99
529,2022-04-03,24562,Germany,SO67679,1,1,3.99
566,2022-04-03,28691,Germany,SO67684,1,1,742.35
222,2022-04-03,28691,Germany,SO67684,2,1,34.99
363,2022-04-04,19067,Germany,SO67703,1,1,2294.99
485,2022-04-04,19067,Germany,SO67703,2,1,21.98
473,2022-04-04,19067,Germany,SO67703,3,1,63.5
535,2022-04-04,17636,Germany,SO67726,1,1,24.99
528,2022-04-04,17636,Germany,SO67726,2,1,4.99
225,2022-04-04,17636,Germany,SO67726,3,1,8.99
214,2022-04-04,17636,Germany,SO67726,4,1,34.99
225,2022-04-04,12638,Germany,SO67731,1,1,8.99
604,2022-04-04,13770,Germany,SO67761,1,1,539.99
605,2022-04-04,24698,Germany,SO67763,1,1,539.99
222,2022-04-04,24698,Germany,SO67763,2,1,34.99
357,2022-04-05,12735,Germany,SO67777,1,1,2319.99
214,2022-04-05,12735,Germany,SO67777,2,1,34.99
583,2022-04-05,17998,Germany,SO67780,1,1,1700.99
581,2022-04-05,18027,Germany,SO67781,1,1,1700.99
217,2022-04-05,18027,Germany,SO67781,2,1,34.99
535,2022-04-05,16473,Germany,SO67804,1,1,24.99
538,2022-04-05,26212,Germany,SO67808,1,1,21.49
480,2022-04-05,26212,Germany,SO67808,2,1,2.29
568,2022-04-05,20923,Germany,SO67822,1,1,742.35
214,2022-04-05,20923,Germany,SO67822,2,1,34.99
355,2022-04-06,12736,Germany,SO67848,1,1,2319.99
477,2022-04-06,12736,Germany,SO67848,2,1,4.99
478,2022-04-06,12736,Germany,SO67848,3,1,9.99
489,2022-04-06,12736,Germany,SO67848,4,1,53.99
355,2022-04-06,19057,Germany,SO67849,1,1,2319.99
480,2022-04-06,19057,Germany,SO67849,2,1,2.29
565,2022-04-06,28698,Germany,SO67886,1,1,742.35
479,2022-04-06,28698,Germany,SO67886,2,1,8.99
477,2022-04-06,28698,Germany,SO67886,3,1,4.99
225,2022-04-06,28698,Germany,SO67886,4,1,8.99
372,2022-04-07,16538,Germany,SO67908,1,1,2443.35
214,2022-04-07,16538,Germany,SO67908,2,1,34.99
353,2022-04-07,19910,Germany,SO67910,1,1,2319.99
485,2022-04-07,19910,Germany,SO67910,2,1,21.98
472,2022-04-07,19910,Germany,SO67910,3,1,63.5
530,2022-04-07,28467,Germany,SO67932,1,1,4.99
541,2022-04-07,28467,Germany,SO67932,2,1,28.99
480,2022-04-07,28467,Germany,SO67932,3,1,2.29
538,2022-04-07,24879,Germany,SO67934,1,1,21.49
530,2022-04-07,27188,Germany,SO67935,1,1,4.99
478,2022-04-07,13598,Germany,SO67937,1,1,9.99
477,2022-04-07,13598,Germany,SO67937,2,1,4.99
214,2022-04-07,13598,Germany,SO67937,3,1,34.99
606,2022-04-07,13264,Germany,SO67957,1,1,539.99
564,2022-04-07,26818,Germany,SO67958,1,1,2384.07
479,2022-04-07,26818,Germany,SO67958,2,1,8.99
477,2022-04-07,26818,Germany,SO67958,3,1,4.99
225,2022-04-07,26818,Germany,SO67958,4,1,8.99
361,2022-04-08,17983,Germany,SO67974,1,1,2294.99
537,2022-04-08,17983,Germany,SO67974,2,1,35
528,2022-04-08,17983,Germany,SO67974,3,1,4.99
222,2022-04-08,17983,Germany,SO67974,4,1,34.99
225,2022-04-08,17983,Germany,SO67974,5,1,8.99
374,2022-04-08,24066,Germany,SO67978,1,1,2443.35
540,2022-04-08,24066,Germany,SO67978,2,1,32.6
529,2022-04-08,24066,Germany,SO67978,3,1,3.99
214,2022-04-08,24066,Germany,SO67978,4,1,34.99
540,2022-04-08,14197,Germany,SO67994,1,1,32.6
237,2022-04-08,14197,Germany,SO67994,2,1,49.99
467,2022-04-08,14197,Germany,SO67994,3,1,24.49
529,2022-04-08,23229,Germany,SO67996,1,1,3.99
463,2022-04-08,23229,Germany,SO67996,2,1,24.49
538,2022-04-08,27160,Germany,SO67998,1,1,21.49
480,2022-04-08,27160,Germany,SO67998,2,1,2.29
484,2022-04-08,27160,Germany,SO67998,3,1,7.95
570,2022-04-08,20912,Germany,SO68006,1,1,742.35
217,2022-04-08,20912,Germany,SO68006,2,1,34.99
560,2022-04-08,19420,Germany,SO68008,1,1,1214.85
214,2022-04-08,19420,Germany,SO68008,2,1,34.99
225,2022-04-08,19420,Germany,SO68008,3,1,8.99
390,2022-04-08,28563,Germany,SO68023,1,1,1120.49
477,2022-04-08,28563,Germany,SO68023,2,1,4.99
479,2022-04-08,28563,Germany,SO68023,3,1,8.99
471,2022-04-08,28563,Germany,SO68023,4,1,63.5
363,2022-04-09,19904,Germany,SO68037,1,1,2294.99
485,2022-04-09,19904,Germany,SO68037,2,1,21.98
480,2022-04-09,19904,Germany,SO68037,3,1,2.29
538,2022-04-09,24856,Germany,SO68056,1,1,21.49
529,2022-04-09,24856,Germany,SO68056,2,1,3.99
480,2022-04-09,24856,Germany,SO68056,3,1,2.29
541,2022-04-09,27312,Germany,SO68058,1,1,28.99
530,2022-04-09,27312,Germany,SO68058,2,1,4.99
573,2022-04-09,26230,Germany,SO68064,1,1,2384.07
477,2022-04-09,26230,Germany,SO68064,2,1,4.99
479,2022-04-09,26230,Germany,SO68064,3,1,8.99
584,2022-04-09,24214,Germany,SO68082,1,1,539.99
214,2022-04-09,24214,Germany,SO68082,2,1,34.99
225,2022-04-09,24214,Germany,SO68082,3,1,8.99
605,2022-04-09,14160,Germany,SO68083,1,1,539.99
529,2022-04-09,14160,Germany,SO68083,2,1,3.99
538,2022-04-09,14160,Germany,SO68083,3,1,21.49
486,2022-04-09,14160,Germany,SO68083,4,1,159
574,2022-04-09,11421,Germany,SO68084,1,1,2384.07
357,2022-04-10,12747,Germany,SO68097,1,1,2319.99
478,2022-04-10,12747,Germany,SO68097,2,1,9.99
477,2022-04-10,12747,Germany,SO68097,3,1,4.99
353,2022-04-10,17825,Germany,SO68098,1,1,2319.99
485,2022-04-10,17825,Germany,SO68098,2,1,21.98
231,2022-04-10,17825,Germany,SO68098,3,1,49.99
481,2022-04-10,17825,Germany,SO68098,4,1,8.99
583,2022-04-10,25751,Germany,SO68102,1,1,1700.99
225,2022-04-10,25751,Germany,SO68102,2,1,8.99
234,2022-04-10,25751,Germany,SO68102,3,1,49.99
537,2022-04-10,14710,Germany,SO68122,1,1,35
528,2022-04-10,14710,Germany,SO68122,2,1,4.99
538,2022-04-10,25684,Germany,SO68125,1,1,21.49
480,2022-04-10,25684,Germany,SO68125,2,1,2.29
584,2022-04-10,24191,Germany,SO68148,1,1,539.99
580,2022-04-10,18047,Germany,SO68150,1,1,1700.99
214,2022-04-10,18047,Germany,SO68150,2,1,34.99
580,2022-04-11,17963,Germany,SO68163,1,1,1700.99
237,2022-04-11,17963,Germany,SO68163,2,1,49.99
541,2022-04-11,28404,Germany,SO68183,1,1,28.99
530,2022-04-11,28404,Germany,SO68183,2,1,4.99
477,2022-04-11,28404,Germany,SO68183,3,1,4.99
225,2022-04-11,28404,Germany,SO68183,4,1,8.99
479,2022-04-11,28404,Germany,SO68183,5,1,8.99
382,2022-04-11,20896,Germany,SO68195,1,1,1120.49
489,2022-04-11,20896,Germany,SO68195,2,1,53.99
561,2022-04-11,11412,Germany,SO68197,1,1,2384.07
225,2022-04-11,11412,Germany,SO68197,2,1,8.99
540,2022-04-12,13608,Germany,SO68228,1,1,32.6
529,2022-04-12,13608,Germany,SO68228,2,1,3.99
217,2022-04-12,13608,Germany,SO68228,3,1,34.99
529,2022-04-12,24014,Germany,SO68230,1,1,3.99
222,2022-04-12,24014,Germany,SO68230,2,1,34.99
578,2022-04-12,19365,Germany,SO68250,1,1,1214.85
214,2022-04-12,19365,Germany,SO68250,2,1,34.99
386,2022-04-12,20945,Germany,SO68262,1,1,1120.49
237,2022-04-12,20945,Germany,SO68262,2,1,49.99
589,2022-04-13,14795,Germany,SO68277,1,1,769.49
536,2022-04-13,14795,Germany,SO68277,2,1,29.99
480,2022-04-13,14795,Germany,SO68277,3,1,2.29
363,2022-04-13,19901,Germany,SO68278,1,1,2294.99
485,2022-04-13,19901,Germany,SO68278,2,1,21.98
596,2022-04-13,15656,Germany,SO68284,1,1,539.99
225,2022-04-13,15656,Germany,SO68284,2,1,8.99
538,2022-04-13,26851,Germany,SO68307,1,1,21.49
480,2022-04-13,26851,Germany,SO68307,2,1,2.29
538,2022-04-13,25318,Germany,SO68309,1,1,21.49
529,2022-04-13,25318,Germany,SO68309,2,1,3.99
529,2022-04-13,25771,Germany,SO68311,1,1,3.99
538,2022-04-13,25771,Germany,SO68311,2,1,21.49
530,2022-04-13,13683,Germany,SO68315,1,1,4.99
222,2022-04-13,13683,Germany,SO68315,2,1,34.99
231,2022-04-13,13683,Germany,SO68315,3,1,49.99
530,2022-04-13,26996,Germany,SO68316,1,1,4.99
480,2022-04-13,26996,Germany,SO68316,2,1,2.29
484,2022-04-13,26996,Germany,SO68316,3,1,7.95
384,2022-04-13,20914,Germany,SO68339,1,1,1120.49
477,2022-04-13,20914,Germany,SO68339,2,1,4.99
479,2022-04-13,20914,Germany,SO68339,3,1,8.99
225,2022-04-13,20914,Germany,SO68339,4,1,8.99
355,2022-04-14,17984,Germany,SO68348,1,1,2319.99
537,2022-04-14,17984,Germany,SO68348,2,1,35
217,2022-04-14,17984,Germany,SO68348,3,1,34.99
582,2022-04-14,26228,Germany,SO68350,1,1,1700.99
538,2022-04-14,26843,Germany,SO68369,1,1,21.49
529,2022-04-14,26843,Germany,SO68369,2,1,3.99
486,2022-04-14,26843,Germany,SO68369,3,1,159
584,2022-04-14,24098,Germany,SO68394,1,1,539.99
538,2022-04-14,24098,Germany,SO68394,2,1,21.49
529,2022-04-14,24098,Germany,SO68394,3,1,3.99
487,2022-04-14,24098,Germany,SO68394,4,1,54.99
222,2022-04-14,24098,Germany,SO68394,5,1,34.99
598,2022-04-15,15649,Germany,SO68409,1,1,539.99
528,2022-04-15,15649,Germany,SO68409,2,1,4.99
535,2022-04-15,15649,Germany,SO68409,3,1,24.99
217,2022-04-15,15649,Germany,SO68409,4,1,34.99
485,2022-04-15,14844,Germany,SO68428,1,1,21.98
472,2022-04-15,14844,Germany,SO68428,2,1,63.5
528,2022-04-15,17090,Germany,SO68432,1,1,4.99
535,2022-04-15,17090,Germany,SO68432,2,1,24.99
214,2022-04-15,17090,Germany,SO68432,3,1,34.99
477,2022-04-15,22387,Germany,SO68433,1,1,4.99
529,2022-04-15,22806,Germany,SO68435,1,1,3.99
214,2022-04-15,22806,Germany,SO68435,2,1,34.99
234,2022-04-15,12396,Germany,SO68439,1,1,49.99
605,2022-04-15,13771,Germany,SO68463,1,1,539.99
479,2022-04-15,13771,Germany,SO68463,2,1,8.99
477,2022-04-15,13771,Germany,SO68463,3,1,4.99
463,2022-04-15,13771,Germany,SO68463,4,1,24.49
584,2022-04-15,13782,Germany,SO68464,1,1,539.99
479,2022-04-15,13782,Germany,SO68464,2,1,8.99
477,2022-04-15,13782,Germany,SO68464,3,1,4.99
217,2022-04-15,13782,Germany,SO68464,4,1,34.99
604,2022-04-15,24127,Germany,SO68466,1,1,539.99
479,2022-04-15,24127,Germany,SO68466,2,1,8.99
589,2022-04-16,14789,Germany,SO68480,1,1,769.49
528,2022-04-16,14789,Germany,SO68480,2,1,4.99
536,2022-04-16,14789,Germany,SO68480,3,1,29.99
536,2022-04-16,20174,Germany,SO68500,1,1,29.99
538,2022-04-16,26879,Germany,SO68502,1,1,21.49
490,2022-04-16,26879,Germany,SO68502,2,1,53.99
561,2022-04-16,16448,Germany,SO68534,1,1,2384.07
217,2022-04-16,16448,Germany,SO68534,2,1,34.99
225,2022-04-16,16448,Germany,SO68534,3,1,8.99
576,2022-04-16,26362,Germany,SO68535,1,1,2384.07
541,2022-04-16,26362,Germany,SO68535,2,1,28.99
530,2022-04-16,26362,Germany,SO68535,3,1,4.99
480,2022-04-16,26362,Germany,SO68535,4,1,2.29
353,2022-04-17,19046,Germany,SO68548,1,1,2319.99
361,2022-04-17,17833,Germany,SO68549,1,1,2294.99
478,2022-04-17,17833,Germany,SO68549,2,1,9.99
355,2022-04-17,17114,Germany,SO68550,1,1,2319.99
537,2022-04-17,17114,Germany,SO68550,2,1,35
528,2022-04-17,17114,Germany,SO68550,3,1,4.99
222,2022-04-17,17114,Germany,SO68550,4,1,34.99
225,2022-04-17,17114,Germany,SO68550,5,1,8.99
590,2022-04-17,21681,Germany,SO68553,1,1,769.49
485,2022-04-17,21681,Germany,SO68553,2,1,21.98
484,2022-04-17,21681,Germany,SO68553,3,1,7.95
539,2022-04-17,15628,Germany,SO68580,1,1,24.99
529,2022-04-17,15628,Germany,SO68580,2,1,3.99
214,2022-04-17,15628,Germany,SO68580,3,1,34.99
569,2022-04-17,28706,Germany,SO68600,1,1,742.35
541,2022-04-17,28706,Germany,SO68600,2,1,28.99
480,2022-04-17,28706,Germany,SO68600,3,1,2.29
584,2022-04-17,13822,Germany,SO68618,1,1,539.99
222,2022-04-17,13822,Germany,SO68618,2,1,34.99
357,2022-04-18,17985,Germany,SO68628,1,1,2319.99
592,2022-04-18,15659,Germany,SO68631,1,1,564.99
478,2022-04-18,15659,Germany,SO68631,2,1,9.99
477,2022-04-18,15659,Germany,SO68631,3,1,4.99
467,2022-04-18,15659,Germany,SO68631,4,1,24.49
583,2022-04-18,17980,Germany,SO68634,1,1,1700.99
234,2022-04-18,17980,Germany,SO68634,2,1,49.99
541,2022-04-18,27310,Germany,SO68653,1,1,28.99
530,2022-04-18,27310,Germany,SO68653,2,1,4.99
214,2022-04-18,27310,Germany,SO68653,3,1,34.99
538,2022-04-19,25664,Germany,SO68709,1,1,21.49
529,2022-04-19,25664,Germany,SO68709,2,1,3.99
480,2022-04-19,25664,Germany,SO68709,3,1,2.29
225,2022-04-19,12517,Germany,SO68714,1,1,8.99
597,2022-04-20,15655,Germany,SO68750,1,1,539.99
528,2022-04-20,15655,Germany,SO68750,2,1,4.99
535,2022-04-20,15655,Germany,SO68750,3,1,24.99
480,2022-04-20,15655,Germany,SO68750,4,1,2.29
536,2022-04-20,20898,Germany,SO68768,1,1,29.99
485,2022-04-20,20898,Germany,SO68768,2,1,21.98
529,2022-04-20,23946,Germany,SO68769,1,1,3.99
231,2022-04-20,23946,Germany,SO68769,2,1,49.99
538,2022-04-20,26847,Germany,SO68770,1,1,21.49
529,2022-04-20,26847,Germany,SO68770,2,1,3.99
217,2022-04-20,26847,Germany,SO68770,3,1,34.99
541,2022-04-20,28544,Germany,SO68771,1,1,28.99
530,2022-04-20,28544,Germany,SO68771,2,1,4.99
541,2022-04-20,24719,Germany,SO68774,1,1,28.99
530,2022-04-20,24719,Germany,SO68774,2,1,4.99
222,2022-04-20,24719,Germany,SO68774,3,1,34.99
530,2022-04-20,13824,Germany,SO68777,1,1,4.99
579,2022-04-20,27154,Germany,SO68785,1,1,1214.85
477,2022-04-20,27154,Germany,SO68785,2,1,4.99
479,2022-04-20,27154,Germany,SO68785,3,1,8.99
584,2022-04-20,24121,Germany,SO68804,1,1,539.99
575,2022-04-20,11423,Germany,SO68805,1,1,2384.07
225,2022-04-20,11423,Germany,SO68805,2,1,8.99
561,2022-04-20,11427,Germany,SO68806,1,1,2384.07
541,2022-04-20,11427,Germany,SO68806,2,1,28.99
530,2022-04-20,11427,Germany,SO68806,3,1,4.99
357,2022-04-21,19035,Germany,SO68822,1,1,2319.99
529,2022-04-21,26378,Germany,SO68847,1,1,3.99
538,2022-04-21,26378,Germany,SO68847,2,1,21.49
214,2022-04-21,26378,Germany,SO68847,3,1,34.99
529,2022-04-21,24150,Germany,SO68850,1,1,3.99
574,2022-04-21,16307,Germany,SO68860,1,1,2384.07
384,2022-04-21,20876,Germany,SO68878,1,1,1120.49
214,2022-04-21,20876,Germany,SO68878,2,1,34.99
382,2022-04-21,12298,Germany,SO68879,1,1,1120.49
490,2022-04-21,12298,Germany,SO68879,2,1,53.99
376,2022-04-22,16534,Germany,SO68897,1,1,2443.35
540,2022-04-22,16534,Germany,SO68897,2,1,32.6
529,2022-04-22,16534,Germany,SO68897,3,1,3.99
486,2022-04-22,16534,Germany,SO68897,4,1,159
363,2022-04-22,19924,Germany,SO68898,1,1,2294.99
214,2022-04-22,19924,Germany,SO68898,2,1,34.99
234,2022-04-22,19924,Germany,SO68898,3,1,49.99
482,2022-04-22,19924,Germany,SO68898,4,1,8.99
384,2022-04-22,12314,Germany,SO68946,1,1,1120.49
214,2022-04-22,12314,Germany,SO68946,2,1,34.99
573,2022-04-22,11428,Germany,SO68949,1,1,2384.07
530,2022-04-22,11428,Germany,SO68949,2,1,4.99
541,2022-04-22,11428,Germany,SO68949,3,1,28.99
480,2022-04-22,11428,Germany,SO68949,4,1,2.29
485,2022-04-23,18146,Germany,SO68981,1,1,21.98
478,2022-04-23,18146,Germany,SO68981,2,1,9.99
541,2022-04-23,27923,Germany,SO68991,1,1,28.99
606,2022-04-23,24204,Germany,SO69019,1,1,539.99
479,2022-04-23,24204,Germany,SO69019,2,1,8.99
477,2022-04-23,24204,Germany,SO69019,3,1,4.99
222,2022-04-23,24204,Germany,SO69019,4,1,34.99
225,2022-04-23,24204,Germany,SO69019,5,1,8.99
605,2022-04-23,24155,Germany,SO69020,1,1,539.99
604,2022-04-23,24690,Germany,SO69022,1,1,539.99
538,2022-04-23,24690,Germany,SO69022,2,1,21.49
529,2022-04-23,24690,Germany,SO69022,3,1,3.99
225,2022-04-23,24690,Germany,SO69022,4,1,8.99
222,2022-04-23,24690,Germany,SO69022,5,1,34.99
587,2022-04-24,14772,Germany,SO69029,1,1,769.49
536,2022-04-24,14772,Germany,SO69029,2,1,29.99
480,2022-04-24,14772,Germany,SO69029,3,1,2.29
593,2022-04-24,15460,Germany,SO69032,1,1,564.99
390,2022-04-24,12302,Germany,SO69083,1,1,1120.49
529,2022-04-24,12302,Germany,SO69083,2,1,3.99
539,2022-04-24,12302,Germany,SO69083,3,1,24.99
214,2022-04-24,12302,Germany,SO69083,4,1,34.99
388,2022-04-24,28556,Germany,SO69084,1,1,1120.49
214,2022-04-24,28556,Germany,SO69084,2,1,34.99
564,2022-04-24,16297,Germany,SO69086,1,1,2384.07
541,2022-04-24,16297,Germany,SO69086,2,1,28.99
376,2022-04-25,24068,Germany,SO69094,1,1,2443.35
479,2022-04-25,24068,Germany,SO69094,2,1,8.99
477,2022-04-25,24068,Germany,SO69094,3,1,4.99
590,2022-04-25,14797,Germany,SO69095,1,1,769.49
237,2022-04-25,14797,Germany,SO69095,2,1,49.99
355,2022-04-25,12713,Germany,SO69099,1,1,2319.99
478,2022-04-25,12713,Germany,SO69099,2,1,9.99
477,2022-04-25,12713,Germany,SO69099,3,1,4.99
214,2022-04-25,12713,Germany,SO69099,4,1,34.99
581,2022-04-25,18045,Germany,SO69101,1,1,1700.99
237,2022-04-25,18045,Germany,SO69101,2,1,49.99
481,2022-04-25,18045,Germany,SO69101,3,1,8.99
583,2022-04-25,17952,Germany,SO69102,1,1,1700.99
234,2022-04-25,17952,Germany,SO69102,2,1,49.99
482,2022-04-25,17952,Germany,SO69102,3,1,8.99
485,2022-04-25,16604,Germany,SO69118,1,1,21.98
217,2022-04-25,16604,Germany,SO69118,2,1,34.99
530,2022-04-25,12811,Germany,SO69122,1,1,4.99
382,2022-04-25,20913,Germany,SO69154,1,1,1120.49
217,2022-04-25,20913,Germany,SO69154,2,1,34.99
225,2022-04-25,20913,Germany,SO69154,3,1,8.99
605,2022-04-25,24706,Germany,SO69155,1,1,539.99
479,2022-04-25,24706,Germany,SO69155,2,1,8.99
477,2022-04-25,24706,Germany,SO69155,3,1,4.99
463,2022-04-25,24706,Germany,SO69155,4,1,24.49
355,2022-04-26,17976,Germany,SO69173,1,1,2319.99
222,2022-04-26,17976,Germany,SO69173,2,1,34.99
528,2022-04-26,12407,Germany,SO69196,1,1,4.99
537,2022-04-26,12407,Germany,SO69196,2,1,35
217,2022-04-26,12407,Germany,SO69196,3,1,34.99
477,2022-04-26,21096,Germany,SO69198,1,1,4.99
225,2022-04-26,21096,Germany,SO69198,2,1,8.99
541,2022-04-26,11391,Germany,SO69199,1,1,28.99
530,2022-04-26,11391,Germany,SO69199,2,1,4.99
541,2022-04-26,11396,Germany,SO69200,1,1,28.99
538,2022-04-26,27172,Germany,SO69203,1,1,21.49
480,2022-04-26,27172,Germany,SO69203,2,1,2.29
541,2022-04-26,27333,Germany,SO69204,1,1,28.99
530,2022-04-26,12815,Germany,SO69206,1,1,4.99
480,2022-04-26,12815,Germany,SO69206,2,1,2.29
477,2022-04-26,11495,Germany,SO69212,1,1,4.99
479,2022-04-26,11495,Germany,SO69212,2,1,8.99
579,2022-04-26,27139,Germany,SO69221,1,1,1214.85
479,2022-04-26,27139,Germany,SO69221,2,1,8.99
477,2022-04-26,27139,Germany,SO69221,3,1,4.99
488,2022-04-26,27139,Germany,SO69221,4,1,53.99
606,2022-04-26,24717,Germany,SO69238,1,1,539.99
564,2022-04-26,26229,Germany,SO69240,1,1,2384.07
222,2022-04-26,26229,Germany,SO69240,2,1,34.99
359,2022-04-27,17811,Germany,SO69255,1,1,2294.99
217,2022-04-27,17811,Germany,SO69255,2,1,34.99
237,2022-04-27,17811,Germany,SO69255,3,1,49.99
529,2022-04-27,23957,Germany,SO69285,1,1,3.99
217,2022-04-27,23957,Germany,SO69285,2,1,34.99
361,2022-04-28,17964,Germany,SO69319,1,1,2294.99
478,2022-04-28,17964,Germany,SO69319,2,1,9.99
477,2022-04-28,17964,Germany,SO69319,3,1,4.99
217,2022-04-28,17964,Germany,SO69319,4,1,34.99
225,2022-04-28,17964,Germany,SO69319,5,1,8.99
581,2022-04-28,26227,Germany,SO69325,1,1,1700.99
225,2022-04-28,26227,Germany,SO69325,2,1,8.99
477,2022-04-28,21674,Germany,SO69349,1,1,4.99
538,2022-04-28,25509,Germany,SO69352,1,1,21.49
536,2022-04-28,20928,Germany,SO69353,1,1,29.99
480,2022-04-28,20928,Germany,SO69353,2,1,2.29
484,2022-04-28,20928,Germany,SO69353,3,1,7.95
530,2022-04-28,27947,Germany,SO69356,1,1,4.99
477,2022-04-28,13587,Germany,SO69360,1,1,4.99
478,2022-04-28,13587,Germany,SO69360,2,1,9.99
472,2022-04-28,13587,Germany,SO69360,3,1,63.5
588,2022-04-29,22450,Germany,SO69575,1,1,769.49
536,2022-04-29,22450,Germany,SO69575,2,1,29.99
590,2022-04-29,14800,Germany,SO69576,1,1,769.49
536,2022-04-29,14800,Germany,SO69576,2,1,29.99
528,2022-04-29,14800,Germany,SO69576,3,1,4.99
484,2022-04-29,14800,Germany,SO69576,4,1,7.95
357,2022-04-29,12850,Germany,SO69577,1,1,2319.99
478,2022-04-29,12850,Germany,SO69577,2,1,9.99
477,2022-04-29,12850,Germany,SO69577,3,1,4.99
353,2022-04-29,20549,Germany,SO69580,1,1,2319.99
480,2022-04-29,20549,Germany,SO69580,2,1,2.29
535,2022-04-29,16419,Germany,SO69606,1,1,24.99
480,2022-04-29,16419,Germany,SO69606,2,1,2.29
529,2022-04-29,22551,Germany,SO69608,1,1,3.99
471,2022-04-29,22551,Germany,SO69608,2,1,63.5
541,2022-04-29,28432,Germany,SO69612,1,1,28.99
530,2022-04-29,14142,Germany,SO69613,1,1,4.99
465,2022-04-29,14142,Germany,SO69613,2,1,24.49
390,2022-04-29,12330,Germany,SO69642,1,1,1120.49
479,2022-04-29,12330,Germany,SO69642,2,1,8.99
477,2022-04-29,12330,Germany,SO69642,3,1,4.99
390,2022-04-29,21016,Germany,SO69643,1,1,1120.49
217,2022-04-29,21016,Germany,SO69643,2,1,34.99
388,2022-04-29,21042,Germany,SO69645,1,1,1120.49
214,2022-04-29,21042,Germany,SO69645,2,1,34.99
388,2022-04-29,28700,Germany,SO69646,1,1,1120.49
228,2022-04-29,28700,Germany,SO69646,2,1,49.99
584,2022-04-29,25449,Germany,SO69651,1,1,539.99
477,2022-04-29,25449,Germany,SO69651,2,1,4.99
479,2022-04-29,25449,Germany,SO69651,3,1,8.99
487,2022-04-29,25449,Germany,SO69651,4,1,54.99
581,2022-04-29,19284,Germany,SO69652,1,1,1700.99
222,2022-04-29,19284,Germany,SO69652,2,1,34.99
583,2022-04-29,19257,Germany,SO69657,1,1,1700.99
477,2022-04-29,19257,Germany,SO69657,2,1,4.99
479,2022-04-29,19257,Germany,SO69657,3,1,8.99
463,2022-04-29,19257,Germany,SO69657,4,1,24.49
587,2022-04-30,14803,Germany,SO69669,1,1,769.49
484,2022-04-30,14803,Germany,SO69669,2,1,7.95
529,2022-04-30,24041,Germany,SO69697,1,1,3.99
487,2022-04-30,24041,Germany,SO69697,2,1,54.99
222,2022-04-30,24041,Germany,SO69697,3,1,34.99
382,2022-04-30,28701,Germany,SO69718,1,1,1120.49
222,2022-04-30,28701,Germany,SO69718,2,1,34.99
386,2022-04-30,20970,Germany,SO69720,1,1,1120.49
228,2022-04-30,20970,Germany,SO69720,2,1,49.99
225,2022-04-30,20970,Germany,SO69720,3,1,8.99
589,2022-04-30,22519,Germany,SO69734,1,1,769.49
536,2022-04-30,22519,Germany,SO69734,2,1,29.99
480,2022-04-30,22519,Germany,SO69734,3,1,2.29
483,2022-04-30,22519,Germany,SO69734,4,1,120
357,2022-04-30,18626,Germany,SO69736,1,1,2319.99
214,2022-04-30,18626,Germany,SO69736,2,1,34.99
599,2022-04-30,16197,Germany,SO69737,1,1,539.99
222,2022-04-30,16197,Germany,SO69737,2,1,34.99
536,2022-04-30,19371,Germany,SO69755,1,1,29.99
480,2022-04-30,19371,Germany,SO69755,2,1,2.29
530,2022-04-30,13828,Germany,SO69757,1,1,4.99
480,2022-04-30,13828,Germany,SO69757,2,1,2.29
486,2022-04-30,13828,Germany,SO69757,3,1,159
234,2022-04-30,12324,Germany,SO69760,1,1,49.99
225,2022-04-30,12324,Germany,SO69760,2,1,8.99
560,2022-04-30,19439,Germany,SO69770,1,1,1214.85
482,2022-04-30,19439,Germany,SO69770,2,1,8.99
231,2022-04-30,19439,Germany,SO69770,3,1,49.99
569,2022-04-30,29371,Germany,SO69771,1,1,742.35
214,2022-04-30,29371,Germany,SO69771,2,1,34.99
573,2022-04-30,17781,Germany,SO69772,1,1,2384.07
225,2022-04-30,17781,Germany,SO69772,2,1,8.99
378,2022-05-01,24092,Germany,SO69799,1,1,2443.35
479,2022-05-01,24092,Germany,SO69799,2,1,8.99
465,2022-05-01,24092,Germany,SO69799,3,1,24.49
477,2022-05-01,24092,Germany,SO69799,4,1,4.99
588,2022-05-01,22444,Germany,SO69800,1,1,769.49
225,2022-05-01,22444,Germany,SO69800,2,1,8.99
228,2022-05-01,22444,Germany,SO69800,3,1,49.99
539,2022-05-01,17901,Germany,SO69825,1,1,24.99
529,2022-05-01,17901,Germany,SO69825,2,1,3.99
480,2022-05-01,17901,Germany,SO69825,3,1,2.29
530,2022-05-01,13796,Germany,SO69829,1,1,4.99
214,2022-05-01,13796,Germany,SO69829,2,1,34.99
570,2022-05-01,28744,Germany,SO69840,1,1,742.35
541,2022-05-01,28744,Germany,SO69840,2,1,28.99
530,2022-05-01,28744,Germany,SO69840,3,1,4.99
571,2022-05-01,29365,Germany,SO69843,1,1,742.35
530,2022-05-01,29365,Germany,SO69843,2,1,4.99
541,2022-05-01,29365,Germany,SO69843,3,1,28.99
480,2022-05-01,29365,Germany,SO69843,4,1,2.29
606,2022-05-01,25522,Germany,SO69862,1,1,539.99
538,2022-05-01,25522,Germany,SO69862,2,1,21.49
471,2022-05-01,25522,Germany,SO69862,3,1,63.5
529,2022-05-01,25522,Germany,SO69862,4,1,3.99
380,2022-05-02,16549,Germany,SO69874,1,1,2443.35
225,2022-05-02,16549,Germany,SO69874,2,1,8.99
217,2022-05-02,16549,Germany,SO69874,3,1,34.99
361,2022-05-02,12833,Germany,SO69877,1,1,2294.99
478,2022-05-02,12833,Germany,SO69877,2,1,9.99
477,2022-05-02,12833,Germany,SO69877,3,1,4.99
353,2022-05-02,20556,Germany,SO69878,1,1,2319.99
485,2022-05-02,20556,Germany,SO69878,2,1,21.98
591,2022-05-02,16252,Germany,SO69880,1,1,564.99
222,2022-05-02,16252,Germany,SO69880,2,1,34.99
529,2022-05-02,23912,Germany,SO69897,1,1,3.99
536,2022-05-02,19509,Germany,SO69899,1,1,29.99
528,2022-05-02,19509,Germany,SO69899,2,1,4.99
481,2022-05-02,19509,Germany,SO69899,3,1,8.99
541,2022-05-02,11386,Germany,SO69900,1,1,28.99
530,2022-05-02,11386,Germany,SO69900,2,1,4.99
214,2022-05-02,11386,Germany,SO69900,3,1,34.99
529,2022-05-02,24107,Germany,SO69903,1,1,3.99
483,2022-05-02,24107,Germany,SO69903,2,1,120
538,2022-05-02,27855,Germany,SO69904,1,1,21.49
480,2022-05-02,27855,Germany,SO69904,2,1,2.29
530,2022-05-02,12638,Germany,SO69905,1,1,4.99
465,2022-05-02,12638,Germany,SO69905,2,1,24.49
593,2022-05-03,15674,Germany,SO69957,1,1,564.99
478,2022-05-03,15674,Germany,SO69957,2,1,9.99
217,2022-05-03,15674,Germany,SO69957,3,1,34.99
528,2022-05-03,14695,Germany,SO69971,1,1,4.99
482,2022-05-03,14695,Germany,SO69971,2,1,8.99
537,2022-05-03,14695,Germany,SO69971,3,1,35
529,2022-05-03,24532,Germany,SO69973,1,1,3.99
217,2022-05-03,24532,Germany,SO69973,2,1,34.99
538,2022-05-03,25794,Germany,SO69974,1,1,21.49
480,2022-05-03,25794,Germany,SO69974,2,1,2.29
386,2022-05-03,21047,Germany,SO70007,1,1,1120.49
222,2022-05-03,21047,Germany,SO70007,2,1,34.99
390,2022-05-03,21008,Germany,SO70008,1,1,1120.49
491,2022-05-03,21008,Germany,SO70008,2,1,53.99
606,2022-05-03,14161,Germany,SO70009,1,1,539.99
606,2022-05-03,25508,Germany,SO70011,1,1,539.99
583,2022-05-04,19288,Germany,SO70019,1,1,1700.99
222,2022-05-04,19288,Germany,SO70019,2,1,34.99
357,2022-05-04,21057,Germany,SO70028,1,1,2319.99
537,2022-05-04,21057,Germany,SO70028,2,1,35
528,2022-05-04,21057,Germany,SO70028,3,1,4.99
217,2022-05-04,21057,Germany,SO70028,4,1,34.99
357,2022-05-04,12852,Germany,SO70029,1,1,2319.99
528,2022-05-04,12852,Germany,SO70029,2,1,4.99
537,2022-05-04,12852,Germany,SO70029,3,1,35
480,2022-05-04,12852,Germany,SO70029,4,1,2.29
528,2022-05-04,16280,Germany,SO70052,1,1,4.99
484,2022-05-04,16280,Germany,SO70052,2,1,7.95
579,2022-05-04,19438,Germany,SO70066,1,1,1214.85
488,2022-05-04,19438,Germany,SO70066,2,1,53.99
570,2022-05-04,29363,Germany,SO70067,1,1,742.35
214,2022-05-04,29363,Germany,SO70067,2,1,34.99
384,2022-05-04,21035,Germany,SO70083,1,1,1120.49
490,2022-05-04,21035,Germany,SO70083,2,1,53.99
384,2022-05-04,20979,Germany,SO70084,1,1,1120.49
225,2022-05-04,20979,Germany,SO70084,2,1,8.99
214,2022-05-04,20979,Germany,SO70084,3,1,34.99
562,2022-05-04,16567,Germany,SO70085,1,1,2384.07
564,2022-05-04,12129,Germany,SO70086,1,1,2384.07
222,2022-05-04,12129,Germany,SO70086,2,1,34.99
583,2022-05-04,26353,Germany,SO70088,1,1,1700.99
539,2022-05-04,26353,Germany,SO70088,2,1,24.99
529,2022-05-04,26353,Germany,SO70088,3,1,3.99
217,2022-05-04,26353,Germany,SO70088,4,1,34.99
225,2022-05-04,26353,Germany,SO70088,5,1,8.99
537,2022-05-05,16578,Germany,SO70122,1,1,35
528,2022-05-05,16578,Germany,SO70122,2,1,4.99
214,2022-05-05,16578,Germany,SO70122,3,1,34.99
529,2022-05-05,26366,Germany,SO70125,1,1,3.99
467,2022-05-05,26366,Germany,SO70125,2,1,24.49
538,2022-05-05,26366,Germany,SO70125,3,1,21.49
584,2022-05-05,13265,Germany,SO70161,1,1,539.99
575,2022-05-05,16565,Germany,SO70162,1,1,2384.07
530,2022-05-05,16565,Germany,SO70162,2,1,4.99
541,2022-05-05,16565,Germany,SO70162,3,1,28.99
480,2022-05-05,16565,Germany,SO70162,4,1,2.29
353,2022-05-06,20560,Germany,SO70171,1,1,2319.99
477,2022-05-06,20560,Germany,SO70171,2,1,4.99
478,2022-05-06,20560,Germany,SO70171,3,1,9.99
214,2022-05-06,20560,Germany,SO70171,4,1,34.99
225,2022-05-06,20560,Germany,SO70171,5,1,8.99
535,2022-05-06,19081,Germany,SO70196,1,1,24.99
528,2022-05-06,19081,Germany,SO70196,2,1,4.99
480,2022-05-06,19081,Germany,SO70196,3,1,2.29
530,2022-05-06,13826,Germany,SO70204,1,1,4.99
222,2022-05-06,13826,Germany,SO70204,2,1,34.99
225,2022-05-06,13826,Germany,SO70204,3,1,8.99
582,2022-05-07,19289,Germany,SO70248,1,1,1700.99
539,2022-05-07,19289,Germany,SO70248,2,1,24.99
529,2022-05-07,19289,Germany,SO70248,3,1,3.99
222,2022-05-07,19289,Germany,SO70248,4,1,34.99
357,2022-05-07,19298,Germany,SO70258,1,1,2319.99
363,2022-05-07,20555,Germany,SO70260,1,1,2294.99
485,2022-05-07,20555,Germany,SO70260,2,1,21.98
489,2022-05-07,20555,Germany,SO70260,3,1,53.99
530,2022-05-07,28920,Germany,SO70283,1,1,4.99
480,2022-05-07,28920,Germany,SO70283,2,1,2.29
590,2022-05-08,22447,Germany,SO70318,1,1,769.49
485,2022-05-08,22447,Germany,SO70318,2,1,21.98
480,2022-05-08,22447,Germany,SO70318,3,1,2.29
357,2022-05-08,19931,Germany,SO70320,1,1,2319.99
478,2022-05-08,19931,Germany,SO70320,2,1,9.99
477,2022-05-08,19931,Germany,SO70320,3,1,4.99
484,2022-05-08,19931,Germany,SO70320,4,1,7.95
529,2022-05-08,27830,Germany,SO70345,1,1,3.99
538,2022-05-08,27830,Germany,SO70345,2,1,21.49
222,2022-05-08,27830,Germany,SO70345,3,1,34.99
382,2022-05-08,21029,Germany,SO70368,1,1,1120.49
529,2022-05-08,21029,Germany,SO70368,2,1,3.99
539,2022-05-08,21029,Germany,SO70368,3,1,24.99
480,2022-05-08,21029,Germany,SO70368,4,1,2.29
590,2022-05-09,14824,Germany,SO70384,1,1,769.49
536,2022-05-09,14824,Germany,SO70384,2,1,29.99
471,2022-05-09,14824,Germany,SO70384,3,1,63.5
590,2022-05-09,22509,Germany,SO70385,1,1,769.49
528,2022-05-09,22509,Germany,SO70385,2,1,4.99
536,2022-05-09,22509,Germany,SO70385,3,1,29.99
355,2022-05-09,19196,Germany,SO70387,1,1,2319.99
214,2022-05-09,19196,Germany,SO70387,2,1,34.99
225,2022-05-09,19196,Germany,SO70387,3,1,8.99
529,2022-05-09,22659,Germany,SO70410,1,1,3.99
222,2022-05-09,22659,Germany,SO70410,2,1,34.99
529,2022-05-09,24139,Germany,SO70411,1,1,3.99
217,2022-05-09,24139,Germany,SO70411,2,1,34.99
562,2022-05-09,17114,Germany,SO70431,1,1,2384.07
214,2022-05-09,17114,Germany,SO70431,2,1,34.99
225,2022-05-09,17114,Germany,SO70431,3,1,8.99
576,2022-05-09,12297,Germany,SO70432,1,1,2384.07
479,2022-05-09,12297,Germany,SO70432,2,1,8.99
477,2022-05-09,12297,Germany,SO70432,3,1,4.99
588,2022-05-10,14801,Germany,SO70465,1,1,769.49
528,2022-05-10,14801,Germany,SO70465,2,1,4.99
536,2022-05-10,14801,Germany,SO70465,3,1,29.99
536,2022-05-10,20927,Germany,SO70489,1,1,29.99
485,2022-05-10,20927,Germany,SO70489,2,1,21.98
478,2022-05-10,20927,Germany,SO70489,3,1,9.99
477,2022-05-10,20927,Germany,SO70489,4,1,4.99
214,2022-05-10,20927,Germany,SO70489,5,1,34.99
530,2022-05-10,28445,Germany,SO70491,1,1,4.99
541,2022-05-10,28445,Germany,SO70491,2,1,28.99
530,2022-05-10,14527,Germany,SO70493,1,1,4.99
606,2022-05-10,25504,Germany,SO70518,1,1,539.99
477,2022-05-10,25504,Germany,SO70518,2,1,4.99
479,2022-05-10,25504,Germany,SO70518,3,1,8.99
465,2022-05-10,25504,Germany,SO70518,4,1,24.49
605,2022-05-10,25550,Germany,SO70519,1,1,539.99
214,2022-05-10,25550,Germany,SO70519,2,1,34.99
583,2022-05-11,12125,Germany,SO70524,1,1,1700.99
217,2022-05-11,12125,Germany,SO70524,2,1,34.99
581,2022-05-11,19286,Germany,SO70531,1,1,1700.99
488,2022-05-11,19286,Germany,SO70531,2,1,53.99
537,2022-05-11,15698,Germany,SO70550,1,1,35
528,2022-05-11,15698,Germany,SO70550,2,1,4.99
480,2022-05-11,15698,Germany,SO70550,3,1,2.29
477,2022-05-11,21109,Germany,SO70553,1,1,4.99
214,2022-05-11,21109,Germany,SO70553,2,1,34.99
539,2022-05-11,18001,Germany,SO70554,1,1,24.99
529,2022-05-11,18001,Germany,SO70554,2,1,3.99
480,2022-05-11,18001,Germany,SO70554,3,1,2.29
569,2022-05-11,29362,Germany,SO70573,1,1,742.35
214,2022-05-11,29362,Germany,SO70573,2,1,34.99
382,2022-05-11,21015,Germany,SO70589,1,1,1120.49
490,2022-05-11,21015,Germany,SO70589,2,1,53.99
606,2022-05-11,25486,Germany,SO70590,1,1,539.99
479,2022-05-11,25486,Germany,SO70590,2,1,8.99
590,2022-05-12,22508,Germany,SO70601,1,1,769.49
536,2022-05-12,22508,Germany,SO70601,2,1,29.99
353,2022-05-12,12827,Germany,SO70603,1,1,2319.99
537,2022-05-12,12827,Germany,SO70603,2,1,35
214,2022-05-12,12827,Germany,SO70603,3,1,34.99
477,2022-05-12,22476,Germany,SO70629,1,1,4.99
489,2022-05-12,22476,Germany,SO70629,2,1,53.99
477,2022-05-12,21032,Germany,SO70630,1,1,4.99
529,2022-05-12,22677,Germany,SO70632,1,1,3.99
481,2022-05-12,22677,Germany,SO70632,2,1,8.99
530,2022-05-12,13837,Germany,SO70634,1,1,4.99
214,2022-05-12,13837,Germany,SO70634,2,1,34.99
228,2022-05-12,13837,Germany,SO70634,3,1,49.99
570,2022-05-12,13579,Germany,SO70645,1,1,742.35
222,2022-05-12,13579,Germany,SO70645,2,1,34.99
225,2022-05-12,13579,Germany,SO70645,3,1,8.99
606,2022-05-12,25528,Germany,SO70668,1,1,539.99
538,2022-05-12,25528,Germany,SO70668,2,1,21.49
529,2022-05-12,25528,Germany,SO70668,3,1,3.99
606,2022-05-12,25548,Germany,SO70669,1,1,539.99
473,2022-05-12,25548,Germany,SO70669,2,1,63.5
363,2022-05-13,20598,Germany,SO70682,1,1,2294.99
485,2022-05-13,20598,Germany,SO70682,2,1,21.98
384,2022-05-13,21051,Germany,SO70742,1,1,1120.49
388,2022-05-13,20980,Germany,SO70744,1,1,1120.49
490,2022-05-13,20980,Germany,SO70744,2,1,53.99
467,2022-05-13,20980,Germany,SO70744,3,1,24.49
604,2022-05-13,25455,Germany,SO70747,1,1,539.99
538,2022-05-13,25455,Germany,SO70747,2,1,21.49
529,2022-05-13,25455,Germany,SO70747,3,1,3.99
353,2022-05-14,19325,Germany,SO70761,1,1,2319.99
480,2022-05-14,19325,Germany,SO70761,2,1,2.29
359,2022-05-14,19339,Germany,SO70764,1,1,2294.99
485,2022-05-14,19339,Germany,SO70764,2,1,21.98
217,2022-05-14,19339,Germany,SO70764,3,1,34.99
363,2022-05-14,12816,Germany,SO70765,1,1,2294.99
485,2022-05-14,12816,Germany,SO70765,2,1,21.98
484,2022-05-14,12816,Germany,SO70765,3,1,7.95
483,2022-05-14,12816,Germany,SO70765,4,1,120
599,2022-05-14,15667,Germany,SO70766,1,1,539.99
485,2022-05-14,15667,Germany,SO70766,2,1,21.98
483,2022-05-14,15667,Germany,SO70766,3,1,120
539,2022-05-14,17955,Germany,SO70785,1,1,24.99
529,2022-05-14,17955,Germany,SO70785,2,1,3.99
217,2022-05-14,17955,Germany,SO70785,3,1,34.99
477,2022-05-14,21826,Germany,SO70786,1,1,4.99
484,2022-05-14,21826,Germany,SO70786,2,1,7.95
536,2022-05-14,19368,Germany,SO70787,1,1,29.99
480,2022-05-14,19368,Germany,SO70787,2,1,2.29
530,2022-05-14,12324,Germany,SO70793,1,1,4.99
480,2022-05-14,12324,Germany,SO70793,2,1,2.29
564,2022-05-14,12130,Germany,SO70800,1,1,2384.07
477,2022-05-14,12130,Germany,SO70800,2,1,4.99
479,2022-05-14,12130,Germany,SO70800,3,1,8.99
357,2022-05-15,19197,Germany,SO70828,1,1,2319.99
477,2022-05-15,19197,Germany,SO70828,2,1,4.99
478,2022-05-15,19197,Germany,SO70828,3,1,9.99
467,2022-05-15,19197,Germany,SO70828,4,1,24.49
357,2022-05-15,20590,Germany,SO70829,1,1,2319.99
485,2022-05-15,20590,Germany,SO70829,2,1,21.98
480,2022-05-15,20590,Germany,SO70829,3,1,2.29
529,2022-05-15,26875,Germany,SO70841,1,1,3.99
538,2022-05-15,26875,Germany,SO70841,2,1,21.49
222,2022-05-15,26875,Germany,SO70841,3,1,34.99
530,2022-05-15,12831,Germany,SO70845,1,1,4.99
217,2022-05-15,12831,Germany,SO70845,2,1,34.99
605,2022-05-15,25460,Germany,SO70867,1,1,539.99
477,2022-05-15,25460,Germany,SO70867,2,1,4.99
479,2022-05-15,25460,Germany,SO70867,3,1,8.99
605,2022-05-15,25450,Germany,SO70869,1,1,539.99
529,2022-05-15,25450,Germany,SO70869,2,1,3.99
538,2022-05-15,25450,Germany,SO70869,3,1,21.49
480,2022-05-15,25450,Germany,SO70869,4,1,2.29
380,2022-05-16,16552,Germany,SO70878,1,1,2443.35
540,2022-05-16,16552,Germany,SO70878,2,1,32.6
529,2022-05-16,16552,Germany,SO70878,3,1,3.99
473,2022-05-16,16552,Germany,SO70878,4,1,63.5
353,2022-05-16,12826,Germany,SO70881,1,1,2319.99
485,2022-05-16,12826,Germany,SO70881,2,1,21.98
477,2022-05-16,12826,Germany,SO70881,3,1,4.99
478,2022-05-16,12826,Germany,SO70881,4,1,9.99
477,2022-05-16,22453,Germany,SO70901,1,1,4.99
222,2022-05-16,22453,Germany,SO70901,2,1,34.99
478,2022-05-16,12629,Germany,SO70908,1,1,9.99
225,2022-05-16,12629,Germany,SO70908,2,1,8.99
214,2022-05-16,12629,Germany,SO70908,3,1,34.99
478,2022-05-16,13588,Germany,SO70909,1,1,9.99
477,2022-05-16,13588,Germany,SO70909,2,1,4.99
357,2022-05-17,19944,Germany,SO70955,1,1,2319.99
480,2022-05-17,19944,Germany,SO70955,2,1,2.29
599,2022-05-17,16253,Germany,SO70956,1,1,539.99
580,2022-05-17,19285,Germany,SO70957,1,1,1700.99
234,2022-05-17,19285,Germany,SO70957,2,1,49.99
485,2022-05-17,14837,Germany,SO70967,1,1,21.98
478,2022-05-17,14837,Germany,SO70967,2,1,9.99
217,2022-05-17,14837,Germany,SO70967,3,1,34.99
231,2022-05-17,14837,Germany,SO70967,4,1,49.99
485,2022-05-17,16825,Germany,SO70968,1,1,21.98
477,2022-05-17,16825,Germany,SO70968,2,1,4.99
467,2022-05-17,16825,Germany,SO70968,3,1,24.49
478,2022-05-17,16825,Germany,SO70968,4,1,9.99
477,2022-05-17,20939,Germany,SO70971,1,1,4.99
481,2022-05-17,20939,Germany,SO70971,2,1,8.99
541,2022-05-17,11389,Germany,SO70972,1,1,28.99
530,2022-05-17,11389,Germany,SO70972,2,1,4.99
214,2022-05-17,11389,Germany,SO70972,3,1,34.99
541,2022-05-17,27320,Germany,SO70976,1,1,28.99
530,2022-05-17,27320,Germany,SO70976,2,1,4.99
606,2022-05-17,13406,Germany,SO71016,1,1,539.99
217,2022-05-17,13406,Germany,SO71016,2,1,34.99
604,2022-05-17,25459,Germany,SO71017,1,1,539.99
477,2022-05-17,25459,Germany,SO71017,2,1,4.99
479,2022-05-17,25459,Germany,SO71017,3,1,8.99
563,2022-05-17,12125,Germany,SO71018,1,1,2384.07
541,2022-05-17,12125,Germany,SO71018,2,1,28.99
530,2022-05-17,12125,Germany,SO71018,3,1,4.99
580,2022-05-18,26363,Germany,SO71024,1,1,1700.99
222,2022-05-18,26363,Germany,SO71024,2,1,34.99
225,2022-05-18,26363,Germany,SO71024,3,1,8.99
353,2022-05-18,12846,Germany,SO71030,1,1,2319.99
478,2022-05-18,12846,Germany,SO71030,2,1,9.99
477,2022-05-18,12846,Germany,SO71030,3,1,4.99
488,2022-05-18,12846,Germany,SO71030,4,1,53.99
596,2022-05-18,22680,Germany,SO71032,1,1,539.99
485,2022-05-18,22680,Germany,SO71032,2,1,21.98
231,2022-05-18,22680,Germany,SO71032,3,1,49.99
225,2022-05-18,22680,Germany,SO71032,4,1,8.99
538,2022-05-18,20727,Germany,SO71048,1,1,21.49
225,2022-05-18,20727,Germany,SO71048,2,1,8.99
541,2022-05-18,28461,Germany,SO71053,1,1,28.99
530,2022-05-18,28461,Germany,SO71053,2,1,4.99
578,2022-05-18,13259,Germany,SO71068,1,1,1214.85
388,2022-05-18,28702,Germany,SO71086,1,1,1120.49
529,2022-05-18,28702,Germany,SO71086,2,1,3.99
539,2022-05-18,28702,Germany,SO71086,3,1,24.99
222,2022-05-18,28702,Germany,SO71086,4,1,34.99
225,2022-05-18,28702,Germany,SO71086,5,1,8.99
604,2022-05-18,13579,Germany,SO71089,1,1,539.99
529,2022-05-18,13579,Germany,SO71089,2,1,3.99
538,2022-05-18,13579,Germany,SO71089,3,1,21.49
217,2022-05-18,13579,Germany,SO71089,4,1,34.99
357,2022-05-19,12858,Germany,SO71101,1,1,2319.99
480,2022-05-19,12858,Germany,SO71101,2,1,2.29
363,2022-05-19,18005,Germany,SO71104,1,1,2294.99
478,2022-05-19,18005,Germany,SO71104,2,1,9.99
477,2022-05-19,18005,Germany,SO71104,3,1,4.99
472,2022-05-19,18005,Germany,SO71104,4,1,63.5
529,2022-05-19,22565,Germany,SO71120,1,1,3.99
480,2022-05-19,22565,Germany,SO71120,2,1,2.29
388,2022-05-19,21006,Germany,SO71142,1,1,1120.49
217,2022-05-19,21006,Germany,SO71142,2,1,34.99
605,2022-05-19,25468,Germany,SO71144,1,1,539.99
479,2022-05-19,25468,Germany,SO71144,2,1,8.99
582,2022-05-19,19274,Germany,SO71150,1,1,1700.99
530,2022-05-20,13500,Germany,SO71178,1,1,4.99
222,2022-05-20,13500,Germany,SO71178,2,1,34.99
575,2022-05-20,12291,Germany,SO71191,1,1,2384.07
481,2022-05-20,12291,Germany,SO71191,2,1,8.99
605,2022-05-20,25303,Germany,SO71216,1,1,539.99
214,2022-05-20,25303,Germany,SO71216,2,1,34.99
582,2022-05-20,19188,Germany,SO71219,1,1,1700.99
539,2022-05-20,19188,Germany,SO71219,2,1,24.99
529,2022-05-20,19188,Germany,SO71219,3,1,3.99
480,2022-05-20,19188,Germany,SO71219,4,1,2.29
589,2022-05-21,14819,Germany,SO71228,1,1,769.49
484,2022-05-21,14819,Germany,SO71228,2,1,7.95
353,2022-05-21,12825,Germany,SO71229,1,1,2319.99
478,2022-05-21,12825,Germany,SO71229,2,1,9.99
477,2022-05-21,12825,Germany,SO71229,3,1,4.99
217,2022-05-21,12825,Germany,SO71229,4,1,34.99
359,2022-05-21,20548,Germany,SO71230,1,1,2294.99
478,2022-05-21,20548,Germany,SO71230,2,1,9.99
222,2022-05-21,20548,Germany,SO71230,3,1,34.99
225,2022-05-21,20548,Germany,SO71230,4,1,8.99
357,2022-05-21,17986,Germany,SO71231,1,1,2319.99
478,2022-05-21,17986,Germany,SO71231,2,1,9.99
477,2022-05-21,17986,Germany,SO71231,3,1,4.99
463,2022-05-21,17986,Germany,SO71231,4,1,24.49
535,2022-05-21,17817,Germany,SO71242,1,1,24.99
465,2022-05-21,17817,Germany,SO71242,2,1,24.49
536,2022-05-21,20056,Germany,SO71243,1,1,29.99
528,2022-05-21,20056,Germany,SO71243,2,1,4.99
214,2022-05-21,20056,Germany,SO71243,3,1,34.99
228,2022-05-21,20056,Germany,SO71243,4,1,49.99
465,2022-05-21,20056,Germany,SO71243,5,1,24.49
225,2022-05-21,12536,Germany,SO71247,1,1,8.99
600,2022-05-22,16267,Germany,SO71285,1,1,539.99
489,2022-05-22,16267,Germany,SO71285,2,1,53.99
374,2022-05-22,16540,Germany,SO71291,1,1,2443.35
529,2022-05-22,16540,Germany,SO71291,2,1,3.99
540,2022-05-22,16540,Germany,SO71291,3,1,32.6
217,2022-05-22,16540,Germany,SO71291,4,1,34.99
591,2022-05-22,15664,Germany,SO71292,1,1,564.99
478,2022-05-22,15664,Germany,SO71292,2,1,9.99
477,2022-05-22,15664,Germany,SO71292,3,1,4.99
225,2022-05-22,15664,Germany,SO71292,4,1,8.99
529,2022-05-22,23975,Germany,SO71310,1,1,3.99
217,2022-05-22,23975,Germany,SO71310,2,1,34.99
530,2022-05-22,27931,Germany,SO71312,1,1,4.99
480,2022-05-22,27931,Germany,SO71312,2,1,2.29
583,2022-05-22,19283,Germany,SO71347,1,1,1700.99
490,2022-05-22,19283,Germany,SO71347,2,1,53.99
225,2022-05-22,19283,Germany,SO71347,3,1,8.99
590,2022-05-23,14822,Germany,SO71365,1,1,769.49
231,2022-05-23,14822,Germany,SO71365,2,1,49.99
359,2022-05-23,12813,Germany,SO71367,1,1,2294.99
478,2022-05-23,12813,Germany,SO71367,2,1,9.99
477,2022-05-23,12813,Germany,SO71367,3,1,4.99
484,2022-05-23,12813,Germany,SO71367,4,1,7.95
477,2022-05-23,21076,Germany,SO71389,1,1,4.99
529,2022-05-23,22699,Germany,SO71391,1,1,3.99
486,2022-05-23,22699,Germany,SO71391,2,1,159
237,2022-05-23,12470,Germany,SO71404,1,1,49.99
386,2022-05-23,28568,Germany,SO71422,1,1,1120.49
539,2022-05-23,28568,Germany,SO71422,2,1,24.99
580,2022-05-24,26354,Germany,SO71427,1,1,1700.99
231,2022-05-24,26354,Germany,SO71427,2,1,49.99
529,2022-05-24,23633,Germany,SO71452,1,1,3.99
217,2022-05-24,23633,Germany,SO71452,2,1,34.99
538,2022-05-24,25543,Germany,SO71453,1,1,21.49
529,2022-05-24,25543,Germany,SO71453,2,1,3.99
467,2022-05-24,25543,Germany,SO71453,3,1,24.49
225,2022-05-24,27838,Germany,SO71455,1,1,8.99
538,2022-05-24,27838,Germany,SO71455,2,1,21.49
217,2022-05-24,11486,Germany,SO71460,1,1,34.99
569,2022-05-24,28726,Germany,SO71466,1,1,742.35
541,2022-05-24,28726,Germany,SO71466,2,1,28.99
530,2022-05-24,28726,Germany,SO71466,3,1,4.99
480,2022-05-24,28726,Germany,SO71466,4,1,2.29
565,2022-05-24,20930,Germany,SO71467,1,1,742.35
541,2022-05-24,20930,Germany,SO71467,2,1,28.99
530,2022-05-24,20930,Germany,SO71467,3,1,4.99
575,2022-05-24,26822,Germany,SO71468,1,1,2384.07
477,2022-05-24,26822,Germany,SO71468,2,1,4.99
479,2022-05-24,26822,Germany,SO71468,3,1,8.99
225,2022-05-24,26822,Germany,SO71468,4,1,8.99
214,2022-05-24,26822,Germany,SO71468,5,1,34.99
583,2022-05-24,19254,Germany,SO71486,1,1,1700.99
380,2022-05-25,11237,Germany,SO71500,1,1,2443.35
479,2022-05-25,11237,Germany,SO71500,2,1,8.99
376,2022-05-25,24091,Germany,SO71502,1,1,2443.35
222,2022-05-25,24091,Germany,SO71502,2,1,34.99
361,2022-05-25,19930,Germany,SO71507,1,1,2294.99
537,2022-05-25,19930,Germany,SO71507,2,1,35
480,2022-05-25,19930,Germany,SO71507,3,1,2.29
353,2022-05-25,20584,Germany,SO71510,1,1,2319.99
537,2022-05-25,20584,Germany,SO71510,2,1,35
480,2022-05-25,20584,Germany,SO71510,3,1,2.29
528,2022-05-25,16034,Germany,SO71525,1,1,4.99
480,2022-05-25,16034,Germany,SO71525,2,1,2.29
538,2022-05-25,25297,Germany,SO71527,1,1,21.49
480,2022-05-25,25297,Germany,SO71527,2,1,2.29
538,2022-05-25,26385,Germany,SO71529,1,1,21.49
480,2022-05-25,26385,Germany,SO71529,2,1,2.29
561,2022-05-25,17103,Germany,SO71542,1,1,2384.07
217,2022-05-25,17103,Germany,SO71542,2,1,34.99
605,2022-05-25,25525,Germany,SO71553,1,1,539.99
477,2022-05-25,25525,Germany,SO71553,2,1,4.99
479,2022-05-25,25525,Germany,SO71553,3,1,8.99
222,2022-05-25,25525,Germany,SO71553,4,1,34.99
463,2022-05-25,25525,Germany,SO71553,5,1,24.49
231,2022-05-25,25525,Germany,SO71553,6,1,49.99
604,2022-05-25,25309,Germany,SO71554,1,1,539.99
477,2022-05-25,25309,Germany,SO71554,2,1,4.99
479,2022-05-25,25309,Germany,SO71554,3,1,8.99
225,2022-05-25,25309,Germany,SO71554,4,1,8.99
361,2022-05-26,12829,Germany,SO71572,1,1,2294.99
528,2022-05-26,12829,Germany,SO71572,2,1,4.99
537,2022-05-26,12829,Germany,SO71572,3,1,35
485,2022-05-26,12829,Germany,SO71572,4,1,21.98
485,2022-05-26,15049,Germany,SO71586,1,1,21.98
231,2022-05-26,15049,Germany,SO71586,2,1,49.99
485,2022-05-26,12822,Germany,SO71589,1,1,21.98
491,2022-05-26,12822,Germany,SO71589,2,1,53.99
529,2022-05-26,23947,Germany,SO71590,1,1,3.99
214,2022-05-26,23947,Germany,SO71590,2,1,34.99
529,2022-05-26,24087,Germany,SO71592,1,1,3.99
214,2022-05-26,24087,Germany,SO71592,2,1,34.99
604,2022-05-26,25451,Germany,SO71622,1,1,539.99
217,2022-05-26,25451,Germany,SO71622,2,1,34.99
576,2022-05-26,12128,Germany,SO71623,1,1,2384.07
225,2022-05-26,12128,Germany,SO71623,2,1,8.99
222,2022-05-26,12128,Germany,SO71623,3,1,34.99
589,2022-05-27,14823,Germany,SO71629,1,1,769.49
478,2022-05-27,14823,Germany,SO71629,2,1,9.99
214,2022-05-27,14823,Germany,SO71629,3,1,34.99
361,2022-05-27,18019,Germany,SO71630,1,1,2294.99
477,2022-05-27,18019,Germany,SO71630,2,1,4.99
478,2022-05-27,18019,Germany,SO71630,3,1,9.99
225,2022-05-27,22684,Germany,SO71632,1,1,8.99
596,2022-05-27,22684,Germany,SO71632,2,1,539.99
597,2022-05-27,24873,Germany,SO71633,1,1,539.99
225,2022-05-27,24873,Germany,SO71633,2,1,8.99
539,2022-05-27,19333,Germany,SO71651,1,1,24.99
480,2022-05-27,19333,Germany,SO71651,2,1,2.29
484,2022-05-27,19333,Germany,SO71651,3,1,7.95
529,2022-05-27,19176,Germany,SO71653,1,1,3.99
539,2022-05-27,19176,Germany,SO71653,2,1,24.99
217,2022-05-27,19176,Germany,SO71653,3,1,34.99
528,2022-05-27,21528,Germany,SO71655,1,1,4.99
536,2022-05-27,21528,Germany,SO71655,2,1,29.99
477,2022-05-27,22533,Germany,SO71656,1,1,4.99
465,2022-05-27,22533,Germany,SO71656,2,1,24.49
225,2022-05-27,12556,Germany,SO71663,1,1,8.99
355,2022-05-28,19311,Germany,SO71706,1,1,2319.99
537,2022-05-28,19311,Germany,SO71706,2,1,35
217,2022-05-28,19311,Germany,SO71706,3,1,34.99
528,2022-05-28,16047,Germany,SO71725,1,1,4.99
530,2022-05-28,12872,Germany,SO71731,1,1,4.99
225,2022-05-28,12872,Germany,SO71731,2,1,8.99
217,2022-05-28,12872,Germany,SO71731,3,1,34.99
577,2022-05-28,27161,Germany,SO71747,1,1,1214.85
477,2022-05-28,27161,Germany,SO71747,2,1,4.99
479,2022-05-28,27161,Germany,SO71747,3,1,8.99
484,2022-05-28,27161,Germany,SO71747,4,1,7.95
564,2022-05-28,17093,Germany,SO71749,1,1,2384.07
222,2022-05-28,17093,Germany,SO71749,2,1,34.99
382,2022-05-28,28564,Germany,SO71769,1,1,1120.49
491,2022-05-28,28564,Germany,SO71769,2,1,53.99
359,2022-05-29,23605,Germany,SO71959,1,1,2294.99
478,2022-05-29,23605,Germany,SO71959,2,1,9.99
477,2022-05-29,23605,Germany,SO71959,3,1,4.99
222,2022-05-29,23605,Germany,SO71959,4,1,34.99
363,2022-05-29,12863,Germany,SO71961,1,1,2294.99
528,2022-05-29,12863,Germany,SO71961,2,1,4.99
537,2022-05-29,12863,Germany,SO71961,3,1,35
485,2022-05-29,12863,Germany,SO71961,4,1,21.98
478,2022-05-29,12863,Germany,SO71961,5,1,9.99
477,2022-05-29,12863,Germany,SO71961,6,1,4.99
214,2022-05-29,12863,Germany,SO71961,7,1,34.99
530,2022-05-29,13684,Germany,SO71976,1,1,4.99
222,2022-05-29,13684,Germany,SO71976,2,1,34.99
222,2022-05-29,11559,Germany,SO71978,1,1,34.99
578,2022-05-29,27180,Germany,SO71983,1,1,1214.85
489,2022-05-29,27180,Germany,SO71983,2,1,53.99
581,2022-05-29,19316,Germany,SO71991,1,1,1700.99
581,2022-05-29,19329,Germany,SO71992,1,1,1700.99
225,2022-05-29,19329,Germany,SO71992,2,1,8.99
237,2022-05-29,19329,Germany,SO71992,3,1,49.99
599,2022-05-30,16290,Germany,SO72011,1,1,539.99
485,2022-05-30,16290,Germany,SO72011,2,1,21.98
478,2022-05-30,16290,Germany,SO72011,3,1,9.99
477,2022-05-30,16290,Germany,SO72011,4,1,4.99
471,2022-05-30,16290,Germany,SO72011,5,1,63.5
528,2022-05-30,19354,Germany,SO72029,1,1,4.99
536,2022-05-30,19354,Germany,SO72029,2,1,29.99
480,2022-05-30,19354,Germany,SO72029,3,1,2.29
529,2022-05-30,23915,Germany,SO72030,1,1,3.99
467,2022-05-30,23915,Germany,SO72030,2,1,24.49
541,2022-05-30,28558,Germany,SO72033,1,1,28.99
530,2022-05-30,28558,Germany,SO72033,2,1,4.99
214,2022-05-30,28558,Germany,SO72033,3,1,34.99
353,2022-06-01,19364,Germany,SO72074,1,1,2319.99
214,2022-06-01,19364,Germany,SO72074,2,1,34.99
225,2022-06-01,19364,Germany,SO72074,3,1,8.99
536,2022-06-01,19385,Germany,SO72091,1,1,29.99
485,2022-06-01,19385,Germany,SO72091,2,1,21.98
478,2022-06-01,19385,Germany,SO72091,3,1,9.99
487,2022-06-01,19385,Germany,SO72091,4,1,54.99
477,2022-06-01,21869,Germany,SO72092,1,1,4.99
541,2022-06-01,29446,Germany,SO72093,1,1,28.99
530,2022-06-01,29446,Germany,SO72093,2,1,4.99
480,2022-06-01,29446,Germany,SO72093,3,1,2.29
530,2022-06-01,12810,Germany,SO72094,1,1,4.99
480,2022-06-01,12810,Germany,SO72094,2,1,2.29
581,2022-06-01,19321,Germany,SO72119,1,1,1700.99
214,2022-06-01,19321,Germany,SO72119,2,1,34.99
584,2022-06-01,25601,Germany,SO72121,1,1,539.99
214,2022-06-01,25601,Germany,SO72121,2,1,34.99
225,2022-06-01,25601,Germany,SO72121,3,1,8.99
355,2022-06-02,19438,Germany,SO72141,1,1,2319.99
478,2022-06-02,19438,Germany,SO72141,2,1,9.99
477,2022-06-02,19438,Germany,SO72141,3,1,4.99
222,2022-06-02,19438,Germany,SO72141,4,1,34.99
353,2022-06-02,19439,Germany,SO72142,1,1,2319.99
485,2022-06-02,19439,Germany,SO72142,2,1,21.98
222,2022-06-02,19439,Germany,SO72142,3,1,34.99
597,2022-06-02,16270,Germany,SO72144,1,1,539.99
478,2022-06-02,16270,Germany,SO72144,2,1,9.99
477,2022-06-02,16270,Germany,SO72144,3,1,4.99
217,2022-06-02,16270,Germany,SO72144,4,1,34.99
567,2022-06-02,29374,Germany,SO72166,1,1,742.35
561,2022-06-02,13255,Germany,SO72182,1,1,2384.07
479,2022-06-02,13255,Germany,SO72182,2,1,8.99
477,2022-06-02,13255,Germany,SO72182,3,1,4.99
357,2022-06-03,13542,Germany,SO72196,1,1,2319.99
478,2022-06-03,13542,Germany,SO72196,2,1,9.99
222,2022-06-03,13542,Germany,SO72196,3,1,34.99
353,2022-06-03,13514,Germany,SO72197,1,1,2319.99
537,2022-06-03,13514,Germany,SO72197,2,1,35
528,2022-06-03,13514,Germany,SO72197,3,1,4.99
217,2022-06-03,13514,Germany,SO72197,4,1,34.99
535,2022-06-03,17854,Germany,SO72220,1,1,24.99
528,2022-06-03,17854,Germany,SO72220,2,1,4.99
222,2022-06-03,17854,Germany,SO72220,3,1,34.99
530,2022-06-03,12319,Germany,SO72229,1,1,4.99
541,2022-06-03,29440,Germany,SO72230,1,1,28.99
530,2022-06-03,29440,Germany,SO72230,2,1,4.99
480,2022-06-03,29440,Germany,SO72230,3,1,2.29
477,2022-06-03,11354,Germany,SO72236,1,1,4.99
225,2022-06-03,11354,Germany,SO72236,2,1,8.99
479,2022-06-03,11354,Germany,SO72236,3,1,8.99
577,2022-06-03,27169,Germany,SO72244,1,1,1214.85
574,2022-06-03,17811,Germany,SO72248,1,1,2384.07
225,2022-06-03,17811,Germany,SO72248,2,1,8.99
214,2022-06-03,17811,Germany,SO72248,3,1,34.99
582,2022-06-03,26867,Germany,SO72262,1,1,1700.99
539,2022-06-03,26867,Germany,SO72262,2,1,24.99
480,2022-06-03,26867,Germany,SO72262,3,1,2.29
384,2022-06-03,21052,Germany,SO72265,1,1,1120.49
606,2022-06-03,25575,Germany,SO72266,1,1,539.99
583,2022-06-04,12128,Germany,SO72272,1,1,1700.99
225,2022-06-04,12128,Germany,SO72272,2,1,8.99
489,2022-06-04,12128,Germany,SO72272,3,1,53.99
363,2022-06-04,13538,Germany,SO72284,1,1,2294.99
217,2022-06-04,13538,Germany,SO72284,2,1,34.99
363,2022-06-04,13513,Germany,SO72286,1,1,2294.99
478,2022-06-04,13513,Germany,SO72286,2,1,9.99
222,2022-06-04,13513,Germany,SO72286,3,1,34.99
568,2022-06-04,21037,Germany,SO72323,1,1,742.35
530,2022-06-04,21037,Germany,SO72323,2,1,4.99
541,2022-06-04,21037,Germany,SO72323,3,1,28.99
222,2022-06-04,21037,Germany,SO72323,4,1,34.99
605,2022-06-04,14713,Germany,SO72351,1,1,539.99
479,2022-06-04,14713,Germany,SO72351,2,1,8.99
477,2022-06-04,14713,Germany,SO72351,3,1,4.99
465,2022-06-04,14713,Germany,SO72351,4,1,24.49
606,2022-06-04,14163,Germany,SO72354,1,1,539.99
538,2022-06-04,14163,Germany,SO72354,2,1,21.49
480,2022-06-04,14163,Germany,SO72354,3,1,2.29
483,2022-06-04,14163,Germany,SO72354,4,1,120
353,2022-06-05,13666,Germany,SO72365,1,1,2319.99
480,2022-06-05,13666,Germany,SO72365,2,1,2.29
477,2022-06-05,21009,Germany,SO72383,1,1,4.99
217,2022-06-05,21009,Germany,SO72383,2,1,34.99
237,2022-06-05,12257,Germany,SO72394,1,1,49.99
560,2022-06-05,19476,Germany,SO72411,1,1,1214.85
479,2022-06-05,19476,Germany,SO72411,2,1,8.99
477,2022-06-05,19476,Germany,SO72411,3,1,4.99
471,2022-06-05,19476,Germany,SO72411,4,1,63.5
584,2022-06-05,14164,Germany,SO72434,1,1,539.99
538,2022-06-05,14164,Germany,SO72434,2,1,21.49
355,2022-06-06,19420,Germany,SO72450,1,1,2319.99
485,2022-06-06,19420,Germany,SO72450,2,1,21.98
478,2022-06-06,19420,Germany,SO72450,3,1,9.99
477,2022-06-06,19420,Germany,SO72450,4,1,4.99
599,2022-06-06,16278,Germany,SO72451,1,1,539.99
225,2022-06-06,16278,Germany,SO72451,2,1,8.99
536,2022-06-06,20137,Germany,SO72469,1,1,29.99
528,2022-06-06,20137,Germany,SO72469,2,1,4.99
225,2022-06-06,20137,Germany,SO72469,3,1,8.99
214,2022-06-06,20137,Germany,SO72469,4,1,34.99
529,2022-06-06,22805,Germany,SO72473,1,1,3.99
605,2022-06-06,25552,Germany,SO72510,1,1,539.99
479,2022-06-06,25552,Germany,SO72510,2,1,8.99
477,2022-06-06,25552,Germany,SO72510,3,1,4.99
563,2022-06-06,13257,Germany,SO72511,1,1,2384.07
214,2022-06-06,13257,Germany,SO72511,2,1,34.99
529,2022-06-07,14187,Germany,SO72537,1,1,3.99
540,2022-06-07,14187,Germany,SO72537,2,1,32.6
535,2022-06-07,16941,Germany,SO72538,1,1,24.99
528,2022-06-07,16941,Germany,SO72538,2,1,4.99
217,2022-06-07,16941,Germany,SO72538,3,1,34.99
477,2022-06-07,22474,Germany,SO72540,1,1,4.99
481,2022-06-07,22474,Germany,SO72540,2,1,8.99
583,2022-06-07,19357,Germany,SO72574,1,1,1700.99
490,2022-06-07,19357,Germany,SO72574,2,1,53.99
467,2022-06-07,19357,Germany,SO72574,3,1,24.49
583,2022-06-07,26984,Germany,SO72575,1,1,1700.99
529,2022-06-07,26984,Germany,SO72575,2,1,3.99
539,2022-06-07,26984,Germany,SO72575,3,1,24.99
214,2022-06-07,26984,Germany,SO72575,4,1,34.99
606,2022-06-07,14774,Germany,SO72578,1,1,539.99
538,2022-06-07,14774,Germany,SO72578,2,1,21.49
361,2022-06-08,22836,Germany,SO72588,1,1,2294.99
537,2022-06-08,22836,Germany,SO72588,2,1,35
528,2022-06-08,22836,Germany,SO72588,3,1,4.99
357,2022-06-08,19454,Germany,SO72590,1,1,2319.99
485,2022-06-08,19454,Germany,SO72590,2,1,21.98
489,2022-06-08,19454,Germany,SO72590,3,1,53.99
357,2022-06-08,19340,Germany,SO72594,1,1,2319.99
537,2022-06-08,19340,Germany,SO72594,2,1,35
528,2022-06-08,19340,Germany,SO72594,3,1,4.99
225,2022-06-08,19340,Germany,SO72594,4,1,8.99
485,2022-06-08,19340,Germany,SO72594,5,1,21.98
538,2022-06-08,25302,Germany,SO72611,1,1,21.49
529,2022-06-08,25302,Germany,SO72611,2,1,3.99
225,2022-06-08,25302,Germany,SO72611,3,1,8.99
217,2022-06-08,25302,Germany,SO72611,4,1,34.99
566,2022-06-08,21055,Germany,SO72621,1,1,742.35
481,2022-06-08,21055,Germany,SO72621,2,1,8.99
363,2022-06-09,13572,Germany,SO72649,1,1,2294.99
485,2022-06-09,13572,Germany,SO72649,2,1,21.98
228,2022-06-09,13572,Germany,SO72649,3,1,49.99
587,2022-06-09,14834,Germany,SO72652,1,1,769.49
237,2022-06-09,14834,Germany,SO72652,2,1,49.99
353,2022-06-09,19476,Germany,SO72654,1,1,2319.99
537,2022-06-09,19476,Germany,SO72654,2,1,35
353,2022-06-09,21537,Germany,SO72657,1,1,2319.99
359,2022-06-09,21833,Germany,SO72658,1,1,2294.99
361,2022-06-09,21835,Germany,SO72659,1,1,2294.99
485,2022-06-09,21835,Germany,SO72659,2,1,21.98
225,2022-06-09,21835,Germany,SO72659,3,1,8.99
214,2022-06-09,21835,Germany,SO72659,4,1,34.99
537,2022-06-09,12751,Germany,SO72676,1,1,35
528,2022-06-09,12751,Germany,SO72676,2,1,4.99
214,2022-06-09,12751,Germany,SO72676,3,1,34.99
225,2022-06-09,12751,Germany,SO72676,4,1,8.99
538,2022-06-09,25792,Germany,SO72681,1,1,21.49
491,2022-06-09,25792,Germany,SO72681,2,1,53.99
580,2022-06-09,19294,Germany,SO72718,1,1,1700.99
539,2022-06-09,19294,Germany,SO72718,2,1,24.99
529,2022-06-09,19294,Germany,SO72718,3,1,3.99
487,2022-06-09,19294,Germany,SO72718,4,1,54.99
217,2022-06-09,19294,Germany,SO72718,5,1,34.99
606,2022-06-09,13607,Germany,SO72722,1,1,539.99
465,2022-06-09,13607,Germany,SO72722,2,1,24.49
353,2022-06-10,20716,Germany,SO72737,1,1,2319.99
485,2022-06-10,20716,Germany,SO72737,2,1,21.98
225,2022-06-10,20716,Germany,SO72737,3,1,8.99
378,2022-06-11,11245,Germany,SO72793,1,1,2443.35
479,2022-06-11,11245,Germany,SO72793,2,1,8.99
589,2022-06-11,14827,Germany,SO72795,1,1,769.49
476,2022-06-11,14827,Germany,SO72795,2,1,69.99
234,2022-06-11,14827,Germany,SO72795,3,1,49.99
353,2022-06-11,21828,Germany,SO72796,1,1,2319.99
480,2022-06-11,21828,Germany,SO72796,2,1,2.29
595,2022-06-11,16269,Germany,SO72797,1,1,564.99
528,2022-06-11,16269,Germany,SO72797,2,1,4.99
535,2022-06-11,16269,Germany,SO72797,3,1,24.99
480,2022-06-11,16269,Germany,SO72797,4,1,2.29
485,2022-06-11,14972,Germany,SO72814,1,1,21.98
214,2022-06-11,14972,Germany,SO72814,2,1,34.99
573,2022-06-11,12298,Germany,SO72824,1,1,2384.07
481,2022-06-11,12298,Germany,SO72824,2,1,8.99
581,2022-06-11,26957,Germany,SO72838,1,1,1700.99
225,2022-06-11,26957,Germany,SO72838,2,1,8.99
231,2022-06-11,26957,Germany,SO72838,3,1,49.99
382,2022-06-11,21100,Germany,SO72840,1,1,1120.49
479,2022-06-11,21100,Germany,SO72840,2,1,8.99
477,2022-06-11,21100,Germany,SO72840,3,1,4.99
217,2022-06-11,21100,Germany,SO72840,4,1,34.99
225,2022-06-11,21100,Germany,SO72840,5,1,8.99
361,2022-06-12,20051,Germany,SO72850,1,1,2294.99
537,2022-06-12,20051,Germany,SO72850,2,1,35
528,2022-06-12,20051,Germany,SO72850,3,1,4.99
485,2022-06-12,20051,Germany,SO72850,4,1,21.98
465,2022-06-12,20051,Germany,SO72850,5,1,24.49
231,2022-06-12,20051,Germany,SO72850,6,1,49.99
353,2022-06-12,23612,Germany,SO72863,1,1,2319.99
485,2022-06-12,23612,Germany,SO72863,2,1,21.98
491,2022-06-12,23612,Germany,SO72863,3,1,53.99
589,2022-06-12,22619,Germany,SO72864,1,1,769.49
231,2022-06-12,22619,Germany,SO72864,2,1,49.99
361,2022-06-12,13546,Germany,SO72867,1,1,2294.99
478,2022-06-12,13546,Germany,SO72867,2,1,9.99
214,2022-06-12,13546,Germany,SO72867,3,1,34.99
359,2022-06-12,19453,Germany,SO72868,1,1,2294.99
477,2022-06-12,19453,Germany,SO72868,2,1,4.99
478,2022-06-12,19453,Germany,SO72868,3,1,9.99
222,2022-06-12,19453,Germany,SO72868,4,1,34.99
225,2022-06-12,19453,Germany,SO72868,5,1,8.99
359,2022-06-12,13545,Germany,SO72870,1,1,2294.99
217,2022-06-12,13545,Germany,SO72870,2,1,34.99
528,2022-06-12,16276,Germany,SO72888,1,1,4.99
480,2022-06-12,16276,Germany,SO72888,2,1,2.29
535,2022-06-12,14698,Germany,SO72890,1,1,24.99
528,2022-06-12,14698,Germany,SO72890,2,1,4.99
485,2022-06-12,14698,Germany,SO72890,3,1,21.98
482,2022-06-12,14698,Germany,SO72890,4,1,8.99
536,2022-06-12,20893,Germany,SO72893,1,1,29.99
528,2022-06-12,20893,Germany,SO72893,2,1,4.99
530,2022-06-12,27963,Germany,SO72896,1,1,4.99
480,2022-06-12,27963,Germany,SO72896,2,1,2.29
585,2022-06-12,21065,Germany,SO72913,1,1,742.35
584,2022-06-12,14171,Germany,SO72948,1,1,539.99
477,2022-06-12,14171,Germany,SO72948,2,1,4.99
479,2022-06-12,14171,Germany,SO72948,3,1,8.99
222,2022-06-12,14171,Germany,SO72948,4,1,34.99
228,2022-06-12,14171,Germany,SO72948,5,1,49.99
604,2022-06-12,25590,Germany,SO72949,1,1,539.99
222,2022-06-12,25590,Germany,SO72949,2,1,34.99
225,2022-06-12,25590,Germany,SO72949,3,1,8.99
363,2022-06-13,13767,Germany,SO72966,1,1,2294.99
485,2022-06-13,13767,Germany,SO72966,2,1,21.98
478,2022-06-13,13767,Germany,SO72966,3,1,9.99
477,2022-06-13,13767,Germany,SO72966,4,1,4.99
357,2022-06-13,22817,Germany,SO72968,1,1,2319.99
485,2022-06-13,22817,Germany,SO72968,2,1,21.98
478,2022-06-13,22817,Germany,SO72968,3,1,9.99
477,2022-06-13,22817,Germany,SO72968,4,1,4.99
225,2022-06-13,22817,Germany,SO72968,5,1,8.99
222,2022-06-13,22817,Germany,SO72968,6,1,34.99
361,2022-06-13,22816,Germany,SO72969,1,1,2294.99
485,2022-06-13,22816,Germany,SO72969,2,1,21.98
478,2022-06-13,22816,Germany,SO72969,3,1,9.99
477,2022-06-13,22816,Germany,SO72969,4,1,4.99
225,2022-06-13,22816,Germany,SO72969,5,1,8.99
535,2022-06-13,19053,Germany,SO72992,1,1,24.99
530,2022-06-13,12870,Germany,SO72998,1,1,4.99
222,2022-06-13,12870,Germany,SO72998,2,1,34.99
225,2022-06-13,12870,Germany,SO72998,3,1,8.99
382,2022-06-13,28752,Germany,SO73022,1,1,1120.49
217,2022-06-13,28752,Germany,SO73022,2,1,34.99
606,2022-06-13,25583,Germany,SO73025,1,1,539.99
225,2022-06-13,25583,Germany,SO73025,2,1,8.99
222,2022-06-13,25583,Germany,SO73025,3,1,34.99
564,2022-06-13,26823,Germany,SO73027,1,1,2384.07
217,2022-06-13,26823,Germany,SO73027,2,1,34.99
562,2022-06-13,17825,Germany,SO73028,1,1,2384.07
479,2022-06-13,17825,Germany,SO73028,2,1,8.99
477,2022-06-13,17825,Germany,SO73028,3,1,4.99
222,2022-06-13,17825,Germany,SO73028,4,1,34.99
599,2022-06-14,16305,Germany,SO73047,1,1,539.99
225,2022-06-14,22537,Germany,SO73064,1,1,8.99
477,2022-06-14,22537,Germany,SO73064,2,1,4.99
538,2022-06-14,25551,Germany,SO73065,1,1,21.49
480,2022-06-14,25551,Germany,SO73065,2,1,2.29
483,2022-06-14,25551,Germany,SO73065,3,1,120
560,2022-06-14,19453,Germany,SO73072,1,1,1214.85
583,2022-06-14,19353,Germany,SO73090,1,1,1700.99
382,2022-06-14,21910,Germany,SO73092,1,1,1120.49
488,2022-06-14,21910,Germany,SO73092,2,1,53.99
575,2022-06-14,13258,Germany,SO73095,1,1,2384.07
599,2022-06-15,16271,Germany,SO73118,1,1,539.99
485,2022-06-15,16271,Germany,SO73118,2,1,21.98
225,2022-06-15,16271,Germany,SO73118,3,1,8.99
485,2022-06-15,14781,Germany,SO73141,1,1,21.98
222,2022-06-15,14781,Germany,SO73141,2,1,34.99
529,2022-06-15,23218,Germany,SO73144,1,1,3.99
214,2022-06-15,23218,Germany,SO73144,2,1,34.99
529,2022-06-15,24215,Germany,SO73145,1,1,3.99
222,2022-06-15,24215,Germany,SO73145,2,1,34.99
231,2022-06-15,24215,Germany,SO73145,3,1,49.99
538,2022-06-15,26819,Germany,SO73148,1,1,21.49
529,2022-06-15,26819,Germany,SO73148,2,1,3.99
225,2022-06-15,26819,Germany,SO73148,3,1,8.99
214,2022-06-15,26819,Germany,SO73148,4,1,34.99
478,2022-06-15,13593,Germany,SO73150,1,1,9.99
477,2022-06-15,13593,Germany,SO73150,2,1,4.99
222,2022-06-15,13593,Germany,SO73150,3,1,34.99
386,2022-06-15,28741,Germany,SO73176,1,1,1120.49
479,2022-06-15,28741,Germany,SO73176,2,1,8.99
477,2022-06-15,28741,Germany,SO73176,3,1,4.99
214,2022-06-15,28741,Germany,SO73176,4,1,34.99
372,2022-06-16,16572,Germany,SO73190,1,1,2443.35
590,2022-06-16,22617,Germany,SO73191,1,1,769.49
536,2022-06-16,22617,Germany,SO73191,2,1,29.99
528,2022-06-16,22617,Germany,SO73191,3,1,4.99
480,2022-06-16,22617,Germany,SO73191,4,1,2.29
537,2022-06-16,12406,Germany,SO73212,1,1,35
529,2022-06-16,24579,Germany,SO73214,1,1,3.99
214,2022-06-16,24579,Germany,SO73214,2,1,34.99
530,2022-06-16,27187,Germany,SO73218,1,1,4.99
480,2022-06-16,27187,Germany,SO73218,2,1,2.29
225,2022-06-16,12516,Germany,SO73222,1,1,8.99
386,2022-06-16,22391,Germany,SO73251,1,1,1120.49
491,2022-06-16,22391,Germany,SO73251,2,1,53.99
584,2022-06-16,13580,Germany,SO73252,1,1,539.99
217,2022-06-16,13580,Germany,SO73252,2,1,34.99
530,2022-06-17,11418,Germany,SO73297,1,1,4.99
217,2022-06-17,11418,Germany,SO73297,2,1,34.99
604,2022-06-17,25596,Germany,SO73327,1,1,539.99
584,2022-06-17,25597,Germany,SO73329,1,1,539.99
605,2022-06-17,25571,Germany,SO73330,1,1,539.99
477,2022-06-17,25571,Germany,SO73330,2,1,4.99
479,2022-06-17,25571,Germany,SO73330,3,1,8.99
214,2022-06-17,25571,Germany,SO73330,4,1,34.99
353,2022-06-18,21506,Germany,SO73350,1,1,2319.99
477,2022-06-18,21506,Germany,SO73350,2,1,4.99
478,2022-06-18,21506,Germany,SO73350,3,1,9.99
217,2022-06-18,21506,Germany,SO73350,4,1,34.99
485,2022-06-18,15076,Germany,SO73364,1,1,21.98
231,2022-06-18,15076,Germany,SO73364,2,1,49.99
467,2022-06-18,15076,Germany,SO73364,3,1,24.49
477,2022-06-18,21129,Germany,SO73367,1,1,4.99
222,2022-06-18,21129,Germany,SO73367,2,1,34.99
225,2022-06-18,21129,Germany,SO73367,3,1,8.99
586,2022-06-18,13606,Germany,SO73383,1,1,742.35
587,2022-06-19,22523,Germany,SO73421,1,1,769.49
528,2022-06-19,22523,Germany,SO73421,2,1,4.99
536,2022-06-19,22523,Germany,SO73421,3,1,29.99
480,2022-06-19,22523,Germany,SO73421,4,1,2.29
361,2022-06-19,12867,Germany,SO73425,1,1,2294.99
357,2022-06-19,21827,Germany,SO73427,1,1,2319.99
214,2022-06-19,21827,Germany,SO73427,2,1,34.99
535,2022-06-19,17091,Germany,SO73455,1,1,24.99
528,2022-06-19,17091,Germany,SO73455,2,1,4.99
480,2022-06-19,17091,Germany,SO73455,3,1,2.29
538,2022-06-19,20065,Germany,SO73456,1,1,21.49
529,2022-06-19,24147,Germany,SO73459,1,1,3.99
214,2022-06-19,24147,Germany,SO73459,2,1,34.99
530,2022-06-19,13775,Germany,SO73460,1,1,4.99
482,2022-06-19,13775,Germany,SO73460,2,1,8.99
487,2022-06-19,13775,Germany,SO73460,3,1,54.99
582,2022-06-19,19387,Germany,SO73492,1,1,1700.99
539,2022-06-19,19387,Germany,SO73492,2,1,24.99
529,2022-06-19,19387,Germany,SO73492,3,1,3.99
214,2022-06-19,19387,Germany,SO73492,4,1,34.99
605,2022-06-19,25589,Germany,SO73494,1,1,539.99
606,2022-06-19,14162,Germany,SO73496,1,1,539.99
477,2022-06-19,14162,Germany,SO73496,2,1,4.99
479,2022-06-19,14162,Germany,SO73496,3,1,8.99
374,2022-06-20,11246,Germany,SO73507,1,1,2443.35
484,2022-06-20,11246,Germany,SO73507,2,1,7.95
363,2022-06-20,22797,Germany,SO73514,1,1,2294.99
478,2022-06-20,22797,Germany,SO73514,2,1,9.99
477,2022-06-20,22797,Germany,SO73514,3,1,4.99
361,2022-06-20,22803,Germany,SO73515,1,1,2294.99
537,2022-06-20,22803,Germany,SO73515,2,1,35
217,2022-06-20,22803,Germany,SO73515,3,1,34.99
537,2022-06-20,14551,Germany,SO73540,1,1,35
528,2022-06-20,14551,Germany,SO73540,2,1,4.99
485,2022-06-20,14551,Germany,SO73540,3,1,21.98
228,2022-06-20,14551,Germany,SO73540,4,1,49.99
537,2022-06-20,14690,Germany,SO73541,1,1,35
214,2022-06-20,14690,Germany,SO73541,2,1,34.99
228,2022-06-20,14690,Germany,SO73541,3,1,49.99
225,2022-06-20,14690,Germany,SO73541,4,1,8.99
539,2022-06-20,19898,Germany,SO73543,1,1,24.99
480,2022-06-20,19898,Germany,SO73543,2,1,2.29
536,2022-06-20,19456,Germany,SO73545,1,1,29.99
528,2022-06-20,19456,Germany,SO73545,2,1,4.99
480,2022-06-20,19456,Germany,SO73545,3,1,2.29
529,2022-06-20,24692,Germany,SO73546,1,1,3.99
222,2022-06-20,24692,Germany,SO73546,2,1,34.99
529,2022-06-20,27178,Germany,SO73549,1,1,3.99
538,2022-06-20,27178,Germany,SO73549,2,1,21.49
359,2022-06-21,19365,Germany,SO73590,1,1,2294.99
478,2022-06-21,19365,Germany,SO73590,2,1,9.99
477,2022-06-21,19365,Germany,SO73590,3,1,4.99
490,2022-06-21,19365,Germany,SO73590,4,1,53.99
225,2022-06-21,19365,Germany,SO73590,5,1,8.99
536,2022-06-21,19384,Germany,SO73607,1,1,29.99
480,2022-06-21,19384,Germany,SO73607,2,1,2.29
225,2022-06-21,12544,Germany,SO73613,1,1,8.99
581,2022-06-21,19314,Germany,SO73629,1,1,1700.99
529,2022-06-21,19314,Germany,SO73629,2,1,3.99
539,2022-06-21,19314,Germany,SO73629,3,1,24.99
606,2022-06-21,25595,Germany,SO73634,1,1,539.99
479,2022-06-21,25595,Germany,SO73634,2,1,8.99
477,2022-06-21,25595,Germany,SO73634,3,1,4.99
357,2022-06-22,13567,Germany,SO73658,1,1,2319.99
537,2022-06-22,13567,Germany,SO73658,2,1,35
480,2022-06-22,13567,Germany,SO73658,3,1,2.29
355,2022-06-22,22810,Germany,SO73661,1,1,2319.99
222,2022-06-22,22810,Germany,SO73661,2,1,34.99
530,2022-06-22,29418,Germany,SO73679,1,1,4.99
541,2022-06-22,29418,Germany,SO73679,2,1,28.99
234,2022-06-22,29418,Germany,SO73679,3,1,49.99
361,2022-06-23,21532,Germany,SO73727,1,1,2294.99
478,2022-06-23,21532,Germany,SO73727,2,1,9.99
477,2022-06-23,21532,Germany,SO73727,3,1,4.99
487,2022-06-23,21532,Germany,SO73727,4,1,54.99
214,2022-06-23,21532,Germany,SO73727,5,1,34.99
529,2022-06-23,24553,Germany,SO73749,1,1,3.99
569,2022-06-23,29381,Germany,SO73760,1,1,742.35
541,2022-06-23,29381,Germany,SO73760,2,1,28.99
530,2022-06-23,29381,Germany,SO73760,3,1,4.99
214,2022-06-23,29381,Germany,SO73760,4,1,34.99
574,2022-06-23,12657,Germany,SO73783,1,1,2384.07
530,2022-06-23,12657,Germany,SO73783,2,1,4.99
541,2022-06-23,12657,Germany,SO73783,3,1,28.99
217,2022-06-23,12657,Germany,SO73783,4,1,34.99
590,2022-06-24,14838,Germany,SO73804,1,1,769.49
485,2022-06-24,14838,Germany,SO73804,2,1,21.98
478,2022-06-24,14838,Germany,SO73804,3,1,9.99
214,2022-06-24,14838,Germany,SO73804,4,1,34.99
363,2022-06-24,13543,Germany,SO73807,1,1,2294.99
478,2022-06-24,13543,Germany,SO73807,2,1,9.99
477,2022-06-24,13543,Germany,SO73807,3,1,4.99
222,2022-06-24,13543,Germany,SO73807,4,1,34.99
528,2022-06-24,15672,Germany,SO73825,1,1,4.99
222,2022-06-24,15672,Germany,SO73825,2,1,34.99
228,2022-06-24,15672,Germany,SO73825,3,1,49.99
485,2022-06-24,17201,Germany,SO73826,1,1,21.98
541,2022-06-24,28565,Germany,SO73831,1,1,28.99
530,2022-06-24,28565,Germany,SO73831,2,1,4.99
467,2022-06-24,28565,Germany,SO73831,3,1,24.49
580,2022-06-24,19415,Germany,SO73860,1,1,1700.99
217,2022-06-24,19415,Germany,SO73860,2,1,34.99
581,2022-06-24,26829,Germany,SO73862,1,1,1700.99
539,2022-06-24,26829,Germany,SO73862,2,1,24.99
480,2022-06-24,26829,Germany,SO73862,3,1,2.29
584,2022-06-24,25587,Germany,SO73863,1,1,539.99
575,2022-06-24,12330,Germany,SO73865,1,1,2384.07
479,2022-06-24,12330,Germany,SO73865,2,1,8.99
485,2022-06-25,17197,Germany,SO73898,1,1,21.98
222,2022-06-25,17197,Germany,SO73898,2,1,34.99
536,2022-06-25,20043,Germany,SO73900,1,1,29.99
480,2022-06-25,20043,Germany,SO73900,2,1,2.29
529,2022-06-25,24143,Germany,SO73902,1,1,3.99
480,2022-06-25,24143,Germany,SO73902,2,1,2.29
541,2022-06-25,29441,Germany,SO73903,1,1,28.99
530,2022-06-25,29441,Germany,SO73903,2,1,4.99
217,2022-06-25,29441,Germany,SO73903,3,1,34.99
569,2022-06-25,29375,Germany,SO73916,1,1,742.35
479,2022-06-25,29375,Germany,SO73916,2,1,8.99
477,2022-06-25,29375,Germany,SO73916,3,1,4.99
580,2022-06-25,12129,Germany,SO73933,1,1,1700.99
225,2022-06-25,12129,Germany,SO73933,2,1,8.99
605,2022-06-25,25610,Germany,SO73936,1,1,539.99
217,2022-06-25,25610,Germany,SO73936,2,1,34.99
584,2022-06-25,25591,Germany,SO73937,1,1,539.99
225,2022-06-25,25591,Germany,SO73937,2,1,8.99
575,2022-06-25,13256,Germany,SO73938,1,1,2384.07
479,2022-06-25,13256,Germany,SO73938,2,1,8.99
477,2022-06-25,13256,Germany,SO73938,3,1,4.99
214,2022-06-25,13256,Germany,SO73938,4,1,34.99
372,2022-06-26,16940,Germany,SO73952,1,1,2443.35
483,2022-06-26,16940,Germany,SO73952,2,1,120
599,2022-06-26,23233,Germany,SO73957,1,1,539.99
478,2022-06-26,23233,Germany,SO73957,2,1,9.99
477,2022-06-26,23233,Germany,SO73957,3,1,4.99
214,2022-06-26,23233,Germany,SO73957,4,1,34.99
234,2022-06-26,23233,Germany,SO73957,5,1,49.99
539,2022-06-26,18035,Germany,SO73978,1,1,24.99
529,2022-06-26,18035,Germany,SO73978,2,1,3.99
214,2022-06-26,18035,Germany,SO73978,3,1,34.99
579,2022-06-26,19454,Germany,SO74001,1,1,1214.85
491,2022-06-26,19454,Germany,SO74001,2,1,53.99
576,2022-06-26,12302,Germany,SO74002,1,1,2384.07
477,2022-06-26,12302,Germany,SO74002,2,1,4.99
479,2022-06-26,12302,Germany,SO74002,3,1,8.99
488,2022-06-26,12302,Germany,SO74002,4,1,53.99
225,2022-06-26,12302,Germany,SO74002,5,1,8.99
382,2022-06-26,21672,Germany,SO74019,1,1,1120.49
222,2022-06-26,21672,Germany,SO74019,2,1,34.99
388,2022-06-26,22318,Germany,SO74021,1,1,1120.49
488,2022-06-26,22318,Germany,SO74021,2,1,53.99
357,2022-06-27,13548,Germany,SO74036,1,1,2319.99
478,2022-06-27,13548,Germany,SO74036,2,1,9.99
359,2022-06-27,13515,Germany,SO74037,1,1,2294.99
528,2022-06-27,13515,Germany,SO74037,2,1,4.99
537,2022-06-27,13515,Germany,SO74037,3,1,35
217,2022-06-27,13515,Germany,SO74037,4,1,34.99
474,2022-06-27,15110,Germany,SO74053,1,1,69.99
539,2022-06-27,19936,Germany,SO74054,1,1,24.99
529,2022-06-27,19936,Germany,SO74054,2,1,3.99
536,2022-06-27,19356,Germany,SO74055,1,1,29.99
528,2022-06-27,19356,Germany,SO74055,2,1,4.99
225,2022-06-27,19356,Germany,SO74055,3,1,8.99
214,2022-06-27,19356,Germany,SO74055,4,1,34.99
529,2022-06-27,22830,Germany,SO74056,1,1,3.99
480,2022-06-27,22830,Germany,SO74056,2,1,2.29
484,2022-06-27,22830,Germany,SO74056,3,1,7.95
530,2022-06-27,27330,Germany,SO74058,1,1,4.99
225,2022-06-27,27330,Germany,SO74058,2,1,8.99
541,2022-06-27,27330,Germany,SO74058,3,1,28.99
568,2022-06-27,13580,Germany,SO74074,1,1,742.35
214,2022-06-27,13580,Germany,SO74074,2,1,34.99
581,2022-06-27,26983,Germany,SO74087,1,1,1700.99
214,2022-06-27,26983,Germany,SO74087,2,1,34.99
225,2022-06-27,26983,Germany,SO74087,3,1,8.99
605,2022-06-27,13606,Germany,SO74089,1,1,539.99
355,2022-06-28,13570,Germany,SO74107,1,1,2319.99
478,2022-06-28,13570,Germany,SO74107,2,1,9.99
477,2022-06-28,13570,Germany,SO74107,3,1,4.99
222,2022-06-28,13570,Germany,SO74107,4,1,34.99
529,2022-06-28,19331,Germany,SO74121,1,1,3.99
539,2022-06-28,19331,Germany,SO74121,2,1,24.99
579,2022-06-28,20051,Germany,SO74134,1,1,1214.85
217,2022-06-28,20051,Germany,SO74134,2,1,34.99
574,2022-06-28,12314,Germany,SO74144,1,1,2384.07
222,2022-06-28,12314,Germany,SO74144,2,1,34.99
528,2022-06-29,20144,Germany,SO74176,1,1,4.99
536,2022-06-29,20144,Germany,SO74176,2,1,29.99
485,2022-06-29,20144,Germany,SO74176,3,1,21.98
473,2022-06-29,20144,Germany,SO74176,4,1,63.5
477,2022-06-29,21825,Germany,SO74178,1,1,4.99
538,2022-06-29,26980,Germany,SO74179,1,1,21.49
480,2022-06-29,26980,Germany,SO74179,2,1,2.29
529,2022-06-30,22809,Germany,SO74209,1,1,3.99
214,2022-06-30,22809,Germany,SO74209,2,1,34.99
530,2022-06-30,13797,Germany,SO74213,1,1,4.99
480,2022-06-30,13797,Germany,SO74213,2,1,2.29
225,2022-06-30,12478,Germany,SO74217,1,1,8.99
222,2022-06-30,11595,Germany,SO74218,1,1,34.99
528,2022-06-30,15629,Germany,SO74235,1,1,4.99
217,2022-06-30,15629,Germany,SO74235,2,1,34.99
536,2022-06-30,20168,Germany,SO74241,1,1,29.99
480,2022-06-30,20168,Germany,SO74241,2,1,2.29
529,2022-06-30,24097,Germany,SO74243,1,1,3.99
480,2022-06-30,24097,Germany,SO74243,2,1,2.29
225,2022-06-30,12646,Germany,SO74252,1,1,8.99
528,2022-07-02,16274,Germany,SO74296,1,1,4.99
528,2022-07-02,18153,Germany,SO74297,1,1,4.99
485,2022-07-02,14980,Germany,SO74300,1,1,21.98
217,2022-07-02,14980,Germany,SO74300,2,1,34.99
477,2022-07-02,22521,Germany,SO74304,1,1,4.99
478,2022-07-03,13601,Germany,SO74329,1,1,9.99
214,2022-07-03,13601,Germany,SO74329,2,1,34.99
536,2022-07-03,20799,Germany,SO74330,1,1,29.99
480,2022-07-03,20799,Germany,SO74330,2,1,2.29
538,2022-07-03,26951,Germany,SO74332,1,1,21.49
529,2022-07-03,26951,Germany,SO74332,2,1,3.99
217,2022-07-03,26951,Germany,SO74332,3,1,34.99
529,2022-07-04,19937,Germany,SO74356,1,1,3.99
539,2022-07-04,19937,Germany,SO74356,2,1,24.99
222,2022-07-04,19937,Germany,SO74356,3,1,34.99
225,2022-07-04,19937,Germany,SO74356,4,1,8.99
477,2022-07-04,21837,Germany,SO74359,1,1,4.99
473,2022-07-04,21837,Germany,SO74359,2,1,63.5
530,2022-07-04,13677,Germany,SO74361,1,1,4.99
214,2022-07-04,13677,Germany,SO74361,2,1,34.99
217,2022-07-04,11435,Germany,SO74364,1,1,34.99
529,2022-07-05,24042,Germany,SO74404,1,1,3.99
481,2022-07-05,24042,Germany,SO74404,2,1,8.99
541,2022-07-06,27315,Germany,SO74436,1,1,28.99
530,2022-07-06,27315,Germany,SO74436,2,1,4.99
222,2022-07-06,27315,Germany,SO74436,3,1,34.99
222,2022-07-06,11552,Germany,SO74441,1,1,34.99
529,2022-07-07,23447,Germany,SO74461,1,1,3.99
480,2022-07-07,23447,Germany,SO74461,2,1,2.29
528,2022-07-08,16583,Germany,SO74495,1,1,4.99
537,2022-07-08,16583,Germany,SO74495,2,1,35
480,2022-07-08,16583,Germany,SO74495,3,1,2.29
477,2022-07-08,22482,Germany,SO74496,1,1,4.99
217,2022-07-08,22482,Germany,SO74496,2,1,34.99
529,2022-07-09,14206,Germany,SO74524,1,1,3.99
540,2022-07-09,14206,Germany,SO74524,2,1,32.6
483,2022-07-09,14206,Germany,SO74524,3,1,120
477,2022-07-09,21085,Germany,SO74527,1,1,4.99
222,2022-07-09,21085,Germany,SO74527,2,1,34.99
535,2022-07-10,16462,Germany,SO74546,1,1,24.99
465,2022-07-10,16462,Germany,SO74546,2,1,24.49
474,2022-07-11,15682,Germany,SO74575,1,1,69.99
485,2022-07-12,17210,Germany,SO74607,1,1,21.98
478,2022-07-12,17210,Germany,SO74607,2,1,9.99
477,2022-07-12,17210,Germany,SO74607,3,1,4.99
217,2022-07-12,17210,Germany,SO74607,4,1,34.99
477,2022-07-12,22389,Germany,SO74610,1,1,4.99
222,2022-07-12,22389,Germany,SO74610,2,1,34.99
530,2022-07-12,12802,Germany,SO74614,1,1,4.99
217,2022-07-12,12802,Germany,SO74614,2,1,34.99
538,2022-07-13,24848,Germany,SO74643,1,1,21.49
529,2022-07-13,22660,Germany,SO74645,1,1,3.99
477,2022-07-13,11349,Germany,SO74649,1,1,4.99
479,2022-07-13,11349,Germany,SO74649,2,1,8.99
489,2022-07-13,11349,Germany,SO74649,3,1,53.99
485,2022-07-14,17190,Germany,SO74674,1,1,21.98
480,2022-07-14,17190,Germany,SO74674,2,1,2.29
529,2022-07-14,14179,Germany,SO74676,1,1,3.99
540,2022-07-14,14179,Germany,SO74676,2,1,32.6
217,2022-07-14,14179,Germany,SO74676,3,1,34.99
529,2022-07-14,19304,Germany,SO74677,1,1,3.99
539,2022-07-14,19304,Germany,SO74677,2,1,24.99
487,2022-07-14,19304,Germany,SO74677,3,1,54.99
477,2022-07-14,22514,Germany,SO74682,1,1,4.99
489,2022-07-14,22514,Germany,SO74682,2,1,53.99
538,2022-07-14,25536,Germany,SO74684,1,1,21.49
535,2022-07-16,17774,Germany,SO74744,1,1,24.99
480,2022-07-16,17774,Germany,SO74744,2,1,2.29
541,2022-07-16,26396,Germany,SO74747,1,1,28.99
530,2022-07-16,26396,Germany,SO74747,2,1,4.99
214,2022-07-16,26396,Germany,SO74747,3,1,34.99
234,2022-07-16,26396,Germany,SO74747,4,1,49.99
529,2022-07-16,22706,Germany,SO74748,1,1,3.99
225,2022-07-16,22706,Germany,SO74748,2,1,8.99
491,2022-07-16,22706,Germany,SO74748,3,1,53.99
539,2022-07-17,19915,Germany,SO74774,1,1,24.99
529,2022-07-17,19915,Germany,SO74774,2,1,3.99
231,2022-07-17,19915,Germany,SO74774,3,1,49.99
485,2022-07-19,15074,Germany,SO74829,1,1,21.98
472,2022-07-19,15074,Germany,SO74829,2,1,63.5
476,2022-07-19,15113,Germany,SO74830,1,1,69.99
231,2022-07-19,15113,Germany,SO74830,2,1,49.99
541,2022-07-19,26415,Germany,SO74835,1,1,28.99
530,2022-07-19,26415,Germany,SO74835,2,1,4.99
222,2022-07-19,26415,Germany,SO74835,3,1,34.99
538,2022-07-19,25678,Germany,SO74836,1,1,21.49
529,2022-07-19,25678,Germany,SO74836,2,1,3.99
214,2022-07-19,25678,Germany,SO74836,3,1,34.99
530,2022-07-19,28895,Germany,SO74837,1,1,4.99
479,2022-07-19,28895,Germany,SO74837,2,1,8.99
535,2022-07-20,19043,Germany,SO74868,1,1,24.99
536,2022-07-20,19377,Germany,SO74869,1,1,29.99
528,2022-07-20,19377,Germany,SO74869,2,1,4.99
485,2022-07-20,19377,Germany,SO74869,3,1,21.98
477,2022-07-20,19377,Germany,SO74869,4,1,4.99
478,2022-07-20,19377,Germany,SO74869,5,1,9.99
222,2022-07-20,19377,Germany,SO74869,6,1,34.99
225,2022-07-20,19377,Germany,SO74869,7,1,8.99
541,2022-07-20,28435,Germany,SO74872,1,1,28.99
530,2022-07-20,28435,Germany,SO74872,2,1,4.99
225,2022-07-20,28435,Germany,SO74872,3,1,8.99
477,2022-07-21,22802,Germany,SO74904,1,1,4.99
539,2022-07-23,14962,Germany,SO74964,1,1,24.99
529,2022-07-23,14962,Germany,SO74964,2,1,3.99
214,2022-07-23,14962,Germany,SO74964,3,1,34.99
538,2022-07-23,27831,Germany,SO74965,1,1,21.49
529,2022-07-23,27831,Germany,SO74965,2,1,3.99
480,2022-07-23,27831,Germany,SO74965,3,1,2.29
539,2022-07-24,18003,Germany,SO74992,1,1,24.99
529,2022-07-24,18003,Germany,SO74992,2,1,3.99
222,2022-07-24,18003,Germany,SO74992,3,1,34.99
477,2022-07-24,22493,Germany,SO74993,1,1,4.99
541,2022-07-24,28566,Germany,SO74994,1,1,28.99
530,2022-07-24,28566,Germany,SO74994,2,1,4.99
463,2022-07-24,28566,Germany,SO74994,3,1,24.49
530,2022-07-24,12801,Germany,SO74997,1,1,4.99
467,2022-07-24,12801,Germany,SO74997,2,1,24.49
536,2022-07-25,20169,Germany,SO75020,1,1,29.99
528,2022-07-25,20169,Germany,SO75020,2,1,4.99
214,2022-07-25,20169,Germany,SO75020,3,1,34.99
225,2022-07-25,20169,Germany,SO75020,4,1,8.99
528,2022-07-26,16303,Germany,SO75052,1,1,4.99
535,2022-07-26,16303,Germany,SO75052,2,1,24.99
483,2022-07-26,16303,Germany,SO75052,3,1,120
485,2022-07-26,14933,Germany,SO75053,1,1,21.98
477,2022-07-26,14933,Germany,SO75053,2,1,4.99
478,2022-07-26,14933,Germany,SO75053,3,1,9.99
535,2022-07-26,17851,Germany,SO75054,1,1,24.99
467,2022-07-26,17851,Germany,SO75054,2,1,24.49
538,2022-07-26,25802,Germany,SO75057,1,1,21.49
529,2022-07-26,25802,Germany,SO75057,2,1,3.99
217,2022-07-26,25802,Germany,SO75057,3,1,34.99
530,2022-07-26,12643,Germany,SO75058,1,1,4.99
217,2022-07-26,12643,Germany,SO75058,2,1,34.99
491,2022-07-26,12643,Germany,SO75058,3,1,53.99
536,2022-07-28,21523,Germany,SO75112,1,1,29.99
481,2022-07-28,21523,Germany,SO75112,2,1,8.99
538,2022-07-28,24704,Germany,SO75114,1,1,21.49
538,2022-07-28,26832,Germany,SO75115,1,1,21.49
529,2022-07-28,26832,Germany,SO75115,2,1,3.99
487,2022-07-28,26832,Germany,SO75115,3,1,54.99
530,2022-07-28,13671,Germany,SO75118,1,1,4.99
480,2022-07-28,13671,Germany,SO75118,2,1,2.29
484,2022-07-28,13671,Germany,SO75118,3,1,7.95
483,2022-07-28,13671,Germany,SO75118,4,1,120
